release,dead,priority,required,time
0,2,9,3,2
0,9,5,3,9
0,1,3,3,1
1,2,2,0,1
2,4,6,3,2
5,13,5,2,8
5,6,5,1,1
7,8,4,0,1
7,9,5,1,2
8,10,8,2,2
9,10,7,0,1
9,11,1,5,2
10,15,5,0,5
10,11,7,0,1
10,21,5,2,11
11,13,2,5,2
12,15,6,4,3
14,15,7,0,1
14,15,5,6,1
15,19,4,2,4
15,16,4,5,1
17,19,1,4,2
20,24,7,2,4
20,21,3,1,1
20,29,8,2,9
20,21,6,2,1
21,22,7,3,1
22,23,1,1,1
25,26,4,1,1
26,27,5,2,1
27,28,3,2,1
28,29,3,0,1
28,30,4,3,2
30,36,6,0,6
30,39,3,2,9
31,32,7,0,1
32,33,5,0,1
32,33,3,4,1
33,34,7,2,1
34,36,2,4,2
35,39,7,1,4
36,37,6,1,1
36,37,8,2,1
37,39,6,1,2
38,39,5,0,1
38,39,4,2,1
39,40,2,4,1
40,43,8,3,3
40,41,7,1,1
40,50,3,3,10
41,42,8,1,1
43,44,6,2,1
44,45,4,0,1
44,46,2,2,2
46,48,0,1,2
46,48,2,5,2
48,49,4,4,1
49,50,8,1,1
50,51,2,1,1
50,60,2,7,10
51,52,4,0,1
52,53,1,1,1
52,53,6,4,1
53,54,3,1,1
53,55,5,1,2
54,55,3,1,1
54,56,5,3,2
55,57,4,2,2
57,58,8,0,1
58,59,2,1,1
58,60,3,2,2
59,60,3,1,1
59,61,7,2,2
60,66,6,1,6
60,69,5,4,9
62,63,5,1,1
65,71,6,2,6
65,66,7,2,1
68,69,8,5,1
69,70,9,0,1
69,70,6,1,1
70,76,1,2,6
70,79,0,1,9
70,71,7,4,1
72,73,4,0,1
72,74,0,6,2
73,74,1,2,1
74,75,7,1,1
75,82,0,2,7
75,76,2,1,1
77,78,2,2,1
78,80,3,0,2
79,80,8,2,1
80,83,6,3,3
80,81,5,0,1
80,90,5,4,10
82,83,4,0,1
83,84,5,1,1
84,85,9,1,1
85,87,3,1,2
85,86,6,1,1
85,87,5,0,2
86,87,9,2,1
87,88,3,0,1
89,90,4,3,1
90,94,3,1,4
90,99,9,1,9
92,94,9,0,2
93,95,7,0,2
94,95,9,1,1
94,95,4,6,1
95,97,6,3,2
95,97,7,4,2
97,98,0,3,1
98,99,8,3,1
100,104,0,2,4
100,110,7,4,10
101,102,6,0,1
101,102,5,2,1
103,104,7,0,1
104,105,6,0,1
105,106,5,3,1
105,106,1,0,1
105,106,1,5,1
107,108,7,0,1
108,109,6,1,1
109,110,5,0,1
109,110,4,2,1
110,113,6,2,3
110,121,7,3,11
112,113,6,4,1
113,114,2,0,1
114,116,4,3,2
115,116,5,1,1
115,116,0,1,1
115,116,1,0,1
116,117,0,1,1
116,117,2,4,1
117,118,6,2,1
119,120,1,1,1
120,125,5,2,5
120,122,9,0,2
120,128,9,4,8
121,122,3,1,1
122,123,4,2,1
125,132,4,2,7
125,126,1,3,1
126,127,1,0,1
126,128,2,3,2
127,128,7,1,1
128,129,5,0,1
128,129,2,5,1
129,130,1,2,1
130,134,5,1,4
130,131,2,1,1
130,141,3,4,11
131,132,2,5,1
132,133,4,2,1
132,134,3,0,2
133,134,4,1,1
133,134,0,0,1
134,136,4,1,2
135,136,4,4,1
135,137,4,0,2
136,137,7,2,1
137,140,6,4,3
138,139,1,0,1
140,144,7,1,4
140,141,4,0,1
140,148,4,0,8
140,142,2,0,2
141,142,9,6,1
142,143,8,2,1
144,145,1,0,1
145,146,6,3,1
145,146,9,0,1
145,146,7,4,1
147,149,6,4,2
148,149,3,0,1
149,150,9,4,1
150,154,4,1,4
150,151,5,2,1
150,161,4,0,11
151,152,6,1,1
153,154,5,3,1
155,164,7,2,9
155,156,0,4,1
156,157,4,2,1
157,158,9,1,1
157,159,7,5,2
158,159,5,0,1
160,168,9,4,8
161,166,8,2,5
161,163,3,1,2
163,165,9,3,2
164,165,4,0,1
164,167,7,1,3
165,173,5,1,8
165,166,4,2,1
165,166,5,5,1
166,167,7,3,1
167,168,9,1,1
169,170,2,0,1
169,171,6,3,2
170,174,3,1,4
170,171,5,0,1
170,181,6,7,11
170,171,5,3,1
171,172,8,4,1
172,173,3,2,1
172,173,3,1,1
173,174,7,3,1
174,175,5,0,1
174,176,4,1,2
175,180,5,3,5
175,176,2,1,1
175,176,3,7,1
176,177,3,0,1
176,177,6,3,1
177,178,1,0,1
177,178,4,0,1
178,179,8,0,1
178,179,4,4,1
180,183,7,1,3
180,188,5,1,8
180,181,7,3,1
182,183,6,0,1
185,189,6,2,4
187,188,3,3,1
190,197,9,1,7
190,200,3,2,10
191,192,4,0,1
191,192,7,4,1
192,193,6,1,1
195,198,4,2,3
195,196,0,3,1
196,197,6,1,1
196,197,8,1,1
197,198,7,0,1
197,198,6,2,1
198,199,0,4,1
199,200,8,0,1
200,203,4,1,3
200,201,6,0,1
200,211,6,4,11
200,202,4,1,2
201,202,7,0,1
201,202,5,2,1
202,203,4,1,1
203,204,5,3,1
205,211,9,1,6
209,210,3,1,1
210,219,3,1,9
210,211,5,1,1
210,221,7,6,11
211,212,3,0,1
211,213,3,2,2
213,214,4,0,1
214,215,4,0,1
214,215,4,3,1
215,221,4,2,6
215,216,6,2,1
216,217,3,2,1
218,219,6,0,1
219,220,3,0,1
220,228,4,3,8
220,231,4,0,11
221,222,0,3,1
222,223,6,1,1
223,224,5,1,1
224,226,6,4,2
225,233,5,0,8
226,227,4,0,1
228,229,4,0,1
229,230,1,2,1
229,230,3,0,1
230,233,4,1,3
230,231,9,0,1
230,240,5,3,10
231,233,6,2,2
232,234,1,0,2
233,234,7,0,1
233,234,5,2,1
234,235,8,0,1
235,238,6,1,3
236,238,3,2,2
237,238,5,1,1
237,238,5,4,1
238,239,4,1,1
238,240,4,1,2
240,242,9,1,2
240,249,7,4,9
241,242,3,1,1
241,242,6,1,1
244,245,6,1,1
245,252,5,2,7
245,246,8,2,1
245,246,2,2,1
246,248,8,2,2
248,249,8,1,1
248,250,7,4,2
249,250,2,1,1
250,253,4,2,3
250,260,5,0,10
251,252,6,3,1
252,253,5,0,1
252,253,4,0,1
253,254,4,1,1
253,255,8,2,2
254,255,5,1,1
254,255,4,0,1
255,263,7,3,8
255,256,4,0,1
256,257,2,0,1
256,257,7,5,1
257,259,8,2,2
259,260,5,2,1
259,260,5,4,1
260,263,4,0,3
260,261,1,0,1
260,269,1,3,9
260,261,9,2,1
261,262,1,1,1
263,264,5,1,1
263,264,6,7,1
264,265,6,0,1
265,269,5,3,4
265,266,0,3,1
266,267,5,1,1
269,270,2,0,1
270,273,6,2,3
270,271,7,0,1
270,281,7,1,11
270,272,5,2,2
271,272,6,0,1
272,273,6,0,1
272,273,8,5,1
275,280,3,2,5
275,277,8,0,2
276,277,1,0,1
277,278,2,2,1
278,279,1,0,1
279,281,3,3,2
280,283,3,1,3
280,288,6,6,8
280,281,6,0,1
282,283,8,1,1
285,288,6,0,3
285,286,0,1,1
285,286,0,1,1
286,287,9,1,1
286,287,4,2,1
287,288,5,2,1
288,289,6,0,1
288,289,8,2,1
289,290,4,2,1
289,290,9,3,1
290,292,5,2,2
290,299,8,2,9
292,293,6,2,1
293,294,7,1,1
294,295,7,1,1
295,301,8,0,6
295,297,4,0,2
296,297,2,0,1
297,299,4,0,2
298,299,3,0,1
299,302,7,4,3
300,301,9,0,1
300,310,7,5,10
301,307,1,3,6
303,304,5,0,1
304,305,8,0,1
304,305,6,4,1
305,308,2,0,3
305,307,5,1,2
306,307,6,0,1
306,308,5,1,2
307,308,3,0,1
307,309,2,5,2
308,309,6,0,1
308,309,4,0,1
309,310,7,0,1
309,310,0,3,1
310,317,7,2,7
310,319,2,4,9
311,312,4,0,1
312,313,8,2,1
313,314,2,0,1
313,315,9,4,2
314,315,6,0,1
314,316,4,6,2
315,319,4,0,4
315,316,6,1,1
316,317,7,1,1
319,320,0,2,1
319,321,1,0,2
320,322,6,2,2
320,332,1,0,12
320,321,1,1,1
321,322,5,1,1
323,324,4,0,1
325,334,5,2,9
325,326,4,0,1
326,327,1,0,1
326,327,8,2,1
327,328,7,0,1
330,333,5,1,3
330,340,7,1,10
334,335,7,0,1
335,338,6,1,3
336,337,2,0,1
336,338,6,3,2
337,338,2,1,1
337,339,4,4,2
338,339,2,6,1
339,340,6,4,1
340,342,2,1,2
340,341,8,2,1
340,350,4,4,10
342,343,6,0,1
345,355,5,2,10
345,346,2,2,1
345,347,6,1,2
346,349,6,3,3
348,349,3,0,1
348,349,8,3,1
349,350,5,2,1
349,350,0,0,1
350,361,0,0,11
351,353,7,4,2
351,352,5,1,1
351,352,3,6,1
352,353,4,5,1
353,354,7,1,1
354,355,7,1,1
355,357,3,2,2
355,356,3,0,1
355,356,5,1,1
356,357,0,1,1
357,358,4,2,1
357,359,5,3,2
358,359,4,0,1
359,360,3,1,1
360,366,6,3,6
360,370,6,1,10
360,361,6,0,1
361,362,3,0,1
361,362,8,5,1
362,363,3,1,1
365,370,4,1,5
366,368,5,4,2
368,369,3,2,1
368,369,7,2,1
369,370,8,3,1
370,373,9,2,3
370,371,4,0,1
370,380,0,2,10
371,372,7,1,1
373,374,5,2,1
374,375,0,0,1
375,380,3,3,5
375,376,6,2,1
376,379,3,0,3
378,379,3,0,1
378,380,4,3,2
379,380,1,1,1
380,385,2,1,5
380,381,6,0,1
380,390,2,3,10
380,381,5,1,1
381,382,7,1,1
381,383,4,0,2
382,385,1,4,3
383,385,5,1,2
383,385,3,3,2
384,385,3,2,1
384,386,2,5,2
385,390,7,1,5
385,386,0,0,1
385,386,0,2,1
386,387,7,0,1
388,389,6,2,1
388,389,7,1,1
389,390,6,1,1
390,396,7,1,6
390,391,5,0,1
390,398,5,2,8
390,392,3,4,2
391,392,3,2,1
392,393,6,1,1
393,394,6,1,1
393,394,3,0,1
395,398,1,1,3
395,396,4,0,1
395,397,5,2,2
396,397,5,1,1
396,397,4,2,1
397,398,5,2,1
398,400,2,0,2
399,401,5,2,2
400,402,4,2,2
400,401,2,0,1
400,410,5,0,10
401,402,3,0,1
402,403,4,1,1
402,403,7,3,1
405,411,7,2,6
405,406,6,0,1
405,406,7,1,1
406,407,5,1,1
408,409,8,0,1
410,419,8,3,9
410,413,7,2,3
411,418,0,2,7
411,412,6,0,1
412,413,3,0,1
413,416,2,2,3
415,422,2,3,7
415,416,3,0,1
415,416,4,4,1
416,418,6,2,2
416,418,6,2,2
417,419,7,4,2
418,421,6,1,3
420,421,2,2,1
420,421,6,0,1
420,432,5,1,12
420,422,8,2,2
422,423,5,1,1
422,423,7,4,1
423,424,5,0,1
425,429,6,4,4
427,428,0,0,1
427,428,4,1,1
428,430,5,5,2
429,431,2,0,2
430,434,4,1,4
430,431,5,2,1
430,440,7,5,10
430,431,4,4,1
431,432,6,0,1
432,433,5,3,1
435,444,4,2,9
435,436,2,4,1
436,437,3,5,1
437,439,3,4,2
438,439,0,0,1
440,444,4,2,4
440,441,6,0,1
440,449,0,2,9
441,442,8,1,1
441,445,4,0,4
442,444,6,1,2
443,444,1,0,1
443,444,4,0,1
444,445,0,1,1
444,445,8,0,1
445,447,7,2,2
445,446,9,1,1
447,448,3,0,1
447,448,0,4,1
449,450,1,1,1
450,456,5,2,6
450,451,9,0,1
450,459,4,4,9
451,452,4,0,1
451,453,5,4,2
453,454,6,1,1
454,455,4,1,1
454,455,7,6,1
455,460,2,4,5
455,456,3,4,1
456,457,5,0,1
459,460,7,0,1
460,462,5,1,2
460,470,2,2,10
460,461,0,5,1
463,464,8,1,1
463,465,6,2,2
464,465,4,3,1
465,469,3,2,4
465,466,7,0,1
466,467,5,2,1
468,470,2,3,2
469,471,3,0,2
469,470,7,4,1
470,478,4,1,8
470,471,0,1,1
470,479,3,0,9
471,472,4,1,1
473,474,6,2,1
474,476,0,2,2
475,479,3,1,4
475,476,3,0,1
475,477,7,1,2
476,478,3,4,2
477,478,9,0,1
478,479,3,1,1
478,479,4,2,1
479,480,0,1,1
479,480,9,1,1
480,486,4,2,6
480,481,3,0,1
480,491,3,0,11
481,482,9,3,1
482,483,3,0,1
482,484,1,2,2
483,484,3,0,1
484,485,8,2,1
485,490,3,3,5
485,486,4,0,1
486,488,0,1,2
489,490,4,3,1
490,496,4,3,6
490,500,5,2,10
490,491,0,1,1
493,494,6,0,1
494,495,0,0,1
495,496,2,5,1
496,501,2,1,5
497,498,4,1,1
498,499,9,1,1
498,500,3,3,2
500,509,4,1,9
500,501,3,2,1
500,509,4,3,9
500,503,3,3,3
501,502,9,1,1
502,503,6,2,1
505,509,7,0,4
505,506,3,1,1
505,507,6,2,2
506,507,6,2,1
507,508,4,2,1
508,509,1,0,1
508,509,4,0,1
509,510,0,0,1
510,512,0,3,2
510,520,2,4,10
510,512,6,1,2
512,513,2,0,1
513,514,7,1,1
514,515,3,1,1
514,516,5,2,2
515,521,9,1,6
515,516,2,0,1
516,517,3,1,1
516,519,5,3,3
517,518,7,0,1
517,518,1,3,1
520,526,2,1,6
520,529,5,3,9
520,522,2,0,2
521,522,1,0,1
521,522,5,1,1
522,523,6,1,1
523,525,2,3,2
524,527,4,4,3
525,529,3,2,4
525,526,5,1,1
526,527,3,2,1
526,527,5,4,1
527,528,7,2,1
528,529,7,0,1
529,530,6,5,1
530,536,6,1,6
530,532,8,0,2
530,540,5,3,10
531,532,3,4,1
532,534,2,3,2
533,534,3,1,1
534,536,9,4,2
535,539,3,0,4
535,536,3,0,1
537,539,7,2,2
538,539,0,1,1
538,540,8,6,2
539,540,3,1,1
539,541,6,3,2
540,542,4,0,2
540,549,2,4,9
543,544,5,0,1
545,549,4,1,4
545,546,2,0,1
546,547,5,1,1
547,549,7,1,2
547,549,4,5,2
548,549,4,0,1
550,552,2,1,2
550,559,5,3,9
550,551,3,3,1
551,552,9,1,1
552,554,5,5,2
553,554,3,1,1
553,554,5,3,1
554,556,6,4,2
555,559,6,5,4
555,556,5,2,1
556,557,1,1,1
558,559,2,0,1
559,560,3,5,1
560,567,3,1,7
560,570,5,5,10
561,562,6,2,1
562,563,5,3,1
563,564,3,3,1
565,570,5,1,5
565,566,5,0,1
568,569,6,1,1
569,570,2,6,1
570,580,7,0,10
571,577,3,2,6
571,572,7,0,1
571,573,7,6,2
572,573,3,1,1
573,574,7,0,1
573,574,4,2,1
574,575,2,1,1
574,576,4,1,2
575,582,5,1,7
575,576,5,4,1
576,577,6,0,1
577,579,4,3,2
578,579,6,0,1
580,583,8,2,3
580,581,4,2,1
580,591,6,2,11
580,581,2,2,1
581,582,3,1,1
582,583,9,1,1
582,583,3,3,1
583,584,6,1,1
585,586,5,2,1
585,586,2,1,1
586,587,2,0,1
586,587,5,1,1
587,590,7,0,3
590,595,2,2,5
590,591,6,0,1
590,600,6,0,10
590,591,2,3,1
591,593,2,0,2
592,593,6,1,1
594,595,5,0,1
595,599,6,1,4
597,598,1,0,1
598,599,1,4,1
599,600,4,1,1
599,600,2,1,1
600,602,3,1,2
600,609,6,3,9
601,602,6,0,1
601,602,0,3,1
602,603,0,2,1
603,604,3,0,1
603,604,7,2,1
605,610,8,1,5
605,607,5,5,2
608,609,3,1,1
608,609,9,7,1
609,610,4,1,1
609,610,4,5,1
610,616,4,0,6
610,619,9,0,9
612,614,2,2,2
613,614,7,2,1
614,615,5,4,1
615,619,4,2,4
615,616,4,2,1
616,617,3,3,1
616,617,9,0,1
617,619,8,1,2
618,619,5,3,1
619,621,0,0,2
619,620,2,5,1
620,624,2,1,4
620,621,4,2,1
620,629,5,4,9
620,621,0,3,1
621,622,4,0,1
622,623,8,7,1
623,624,6,1,1
623,625,5,1,2
625,630,6,0,5
625,626,2,0,1
626,628,1,1,2
627,628,0,1,1
628,629,7,1,1
628,630,6,7,2
630,632,5,3,2
630,631,1,0,1
630,638,3,0,8
631,632,6,3,1
632,633,6,2,1
633,634,8,1,1
633,634,1,4,1
634,635,5,1,1
634,636,4,6,2
635,643,3,2,8
636,637,4,3,1
637,638,8,2,1
638,639,4,4,1
639,640,1,0,1
639,642,3,0,3
640,644,1,1,4
640,641,3,0,1
640,649,7,2,9
640,641,2,6,1
641,642,4,2,1
642,643,9,2,1
642,643,7,0,1
644,645,2,0,1
644,646,4,2,2
645,648,0,2,3
645,646,5,2,1
646,647,3,0,1
648,649,4,3,1
649,652,6,0,3
650,655,8,2,5
650,651,3,0,1
650,658,9,5,8
651,652,3,0,1
652,653,6,1,1
655,659,5,0,4
655,656,5,1,1
655,656,4,5,1
656,657,4,0,1
657,658,5,0,1
657,659,6,3,2
658,659,3,0,1
659,660,7,1,1
659,662,7,4,3
660,663,8,2,3
660,669,2,2,9
662,663,0,0,1
663,665,5,0,2
665,668,4,4,3
665,666,9,0,1
667,668,3,0,1
668,670,6,0,2
669,670,4,1,1
669,671,7,1,2
670,674,7,1,4
670,679,3,5,9
670,672,5,6,2
671,672,9,2,1
672,673,9,2,1
672,673,6,2,1
673,674,0,0,1
673,674,6,2,1
674,675,4,1,1
674,675,7,5,1
675,681,4,1,6
675,676,8,0,1
675,676,3,2,1
677,678,6,0,1
677,678,9,0,1
679,680,5,1,1
680,689,5,0,9
680,690,5,1,10
680,681,3,0,1
681,683,5,2,2
682,683,7,0,1
682,683,2,2,1
683,684,8,2,1
684,685,3,1,1
685,692,9,2,7
687,689,7,0,2
688,689,4,3,1
690,697,5,1,7
690,691,2,1,1
690,699,4,2,9
690,691,6,3,1
691,692,7,4,1
692,693,1,0,1
692,693,3,2,1
694,695,4,4,1
695,702,5,2,7
695,696,3,1,1
697,699,5,5,2
698,699,4,1,1
700,706,2,2,6
700,701,4,0,1
700,712,6,4,12
701,702,4,1,1
702,704,4,4,2
703,704,3,2,1
703,704,5,3,1
704,705,7,1,1
704,706,8,1,2
705,710,5,1,5
705,706,0,1,1
706,707,3,1,1
706,708,2,5,2
707,708,5,0,1
708,710,4,1,2
708,709,7,2,1
710,716,3,1,6
710,719,8,2,9
710,711,4,4,1
711,712,7,0,1
712,713,4,1,1
712,714,3,3,2
713,714,4,0,1
713,714,7,5,1
714,715,2,0,1
714,715,5,3,1
715,722,3,1,7
715,716,7,3,1
716,717,1,0,1
716,717,2,1,1
718,719,4,0,1
719,721,5,2,2
720,726,9,2,6
720,721,1,2,1
720,730,9,1,10
720,721,5,7,1
721,723,6,5,2
723,724,0,1,1
723,724,1,0,1
724,725,2,2,1
724,725,4,3,1
725,727,3,1,2
725,726,3,3,1
726,727,3,0,1
726,727,6,4,1
727,728,2,2,1
727,728,2,0,1
728,729,3,0,1
729,730,2,0,1
730,741,1,1,11
731,732,4,0,1
732,734,4,0,2
732,735,9,2,3
734,735,0,2,1
735,739,5,1,4
735,736,6,0,1
735,737,3,2,2
736,737,6,2,1
736,738,2,2,2
738,739,7,3,1
739,740,5,1,1
739,740,6,3,1
740,743,2,2,3
740,741,6,0,1
740,751,9,4,11
741,742,6,2,1
741,743,7,2,2
742,743,4,0,1
743,744,2,0,1
743,744,3,3,1
744,747,6,4,3
745,752,4,2,7
745,746,8,2,1
747,748,3,1,1
748,749,9,1,1
749,750,2,0,1
750,754,2,1,4
750,758,4,2,8
751,752,2,1,1
751,752,0,4,1
752,753,4,0,1
752,754,4,2,2
753,754,4,2,1
754,755,4,3,1
755,759,5,2,4
757,758,0,1,1
757,758,8,4,1
758,759,7,0,1
758,759,4,1,1
759,760,7,2,1
759,760,6,2,1
760,764,6,0,4
760,770,5,3,10
760,762,3,1,2
761,762,3,0,1
762,763,6,4,1
763,764,3,4,1
764,765,5,0,1
765,771,7,2,6
765,766,8,1,1
765,768,5,0,3
766,767,9,4,1
767,768,7,4,1
768,769,2,1,1
768,769,4,2,1
770,772,1,2,2
770,780,3,2,10
771,772,2,0,1
772,773,6,0,1
772,774,4,0,2
773,774,0,0,1
773,774,9,3,1
774,775,0,2,1
774,775,9,0,1
775,779,4,2,4
776,777,3,0,1
776,778,6,4,2
778,779,0,0,1
780,782,2,1,2
780,781,6,2,1
780,788,5,1,8
782,783,4,0,1
783,784,4,1,1
783,785,3,4,2
784,785,7,1,1
785,789,2,0,4
785,786,7,0,1
786,787,7,1,1
788,789,9,0,1
788,790,5,2,2
790,793,8,4,3
790,791,3,0,1
790,799,8,1,9
790,791,5,3,1
791,792,2,1,1
791,792,8,3,1
792,793,7,1,1
793,794,4,1,1
794,795,7,2,1
795,804,4,0,9
795,796,9,0,1
795,796,5,6,1
798,799,1,0,1
798,799,5,4,1
800,803,3,2,3
800,801,0,0,1
800,811,9,2,11
801,802,3,1,1
801,803,7,0,2
802,803,3,1,1
802,803,6,2,1
803,804,9,2,1
805,812,6,1,7
805,806,5,0,1
806,807,1,0,1
806,807,0,6,1
807,808,2,5,1
808,809,7,0,1
808,809,8,2,1
809,810,3,0,1
809,811,1,2,2
810,816,6,2,6
810,820,9,4,10
810,811,6,5,1
812,813,3,0,1
814,815,3,4,1
815,822,7,2,7
815,816,4,2,1
816,817,7,1,1
817,818,5,0,1
817,818,6,4,1
818,820,2,2,2
819,820,3,0,1
819,820,8,0,1
820,825,6,1,5
820,829,6,5,9
820,822,0,0,2
821,822,8,5,1
822,823,8,4,1
823,824,5,0,1
823,825,2,1,2
825,830,5,1,5
825,827,5,2,2
826,827,5,1,1
827,829,5,0,2
828,829,1,1,1
828,829,3,3,1
830,831,0,3,1
830,841,8,3,11
830,832,0,0,2
831,832,0,2,1
833,834,9,2,1
833,834,5,0,1
834,835,7,0,1
835,840,3,2,5
835,836,4,1,1
836,837,3,0,1
837,838,1,1,1
837,838,5,3,1
838,839,5,1,1
838,839,8,5,1
839,841,7,2,2
840,843,5,0,3
840,850,9,2,10
840,841,8,3,1
841,842,3,0,1
841,842,0,2,1
842,843,7,1,1
842,845,5,0,3
845,849,6,0,4
845,846,4,3,1
850,859,7,1,9
850,851,7,1,1
851,852,4,1,1
851,852,0,0,1
851,854,3,0,3
852,853,5,4,1
854,857,6,5,3
855,863,5,0,8
855,856,4,1,1
856,857,4,2,1
857,859,4,2,2
860,865,2,2,5
860,861,5,0,1
860,870,5,3,10
860,861,3,3,1
861,862,6,3,1
865,874,0,2,9
867,868,5,2,1
868,869,6,0,1
869,871,6,1,2
870,873,6,0,3
870,871,1,0,1
870,880,1,0,10
870,871,4,3,1
871,872,4,1,1
871,872,0,4,1
872,873,6,0,1
873,875,5,3,2
874,875,6,0,1
874,877,5,3,3
875,881,5,2,6
875,877,2,0,2
876,877,0,1,1
876,877,4,2,1
878,879,7,2,1
878,879,5,3,1
879,880,6,0,1
880,886,4,0,6
880,881,1,0,1
880,888,5,4,8
880,883,4,2,3
881,882,7,0,1
882,883,9,0,1
882,883,6,7,1
884,885,3,3,1
885,889,3,2,4
885,886,7,1,1
885,886,3,4,1
887,888,4,0,1
888,890,9,4,2
890,893,3,2,3
890,892,9,0,2
890,898,2,4,8
891,892,4,1,1
892,893,6,2,1
894,895,9,3,1
895,898,1,1,3
896,897,5,1,1
897,898,2,0,1
898,899,2,1,1
898,899,8,0,1
899,900,5,2,1
900,903,3,0,3
900,909,4,3,9
902,903,8,0,1
902,904,4,7,2
903,904,7,0,1
904,905,4,2,1
904,905,3,1,1
905,908,6,2,3
905,906,3,1,1
905,906,3,2,1
906,907,4,1,1
908,909,3,3,1
908,910,7,2,2
910,917,6,0,7
910,911,0,2,1
910,919,5,3,9
910,912,6,1,2
911,912,7,0,1
911,912,2,2,1
912,913,4,1,1
912,913,5,5,1
913,914,5,1,1
915,917,6,1,2
915,916,3,0,1
915,916,7,3,1
916,918,5,5,2
918,920,7,4,2
919,920,1,1,1
920,929,2,2,9
920,921,3,0,1
920,930,3,7,10
920,921,3,0,1
921,923,5,1,2
923,924,1,0,1
923,924,2,3,1
924,925,7,2,1
925,931,9,0,6
926,927,4,0,1
927,928,4,4,1
929,930,3,4,1
930,936,8,2,6
930,931,5,2,1
930,938,7,1,8
931,932,0,1,1
931,932,3,1,1
932,933,4,0,1
935,939,6,1,4
937,938,3,2,1
940,948,5,2,8
940,950,9,2,10
940,941,7,2,1
941,942,1,0,1
941,942,7,2,1
942,943,7,1,1
944,946,5,3,2
945,949,5,3,4
945,946,5,1,1
946,947,5,1,1
946,947,1,2,1
948,949,7,0,1
949,950,3,0,1
950,955,5,1,5
950,959,6,4,9
951,952,0,1,1
952,953,1,0,1
952,954,8,1,2
953,954,7,5,1
955,959,3,3,4
955,956,6,5,1
956,958,1,1,2
957,958,5,0,1
957,958,6,4,1
959,960,6,0,1
959,960,0,3,1
960,966,5,2,6
960,968,7,2,8
960,962,2,3,2
961,962,4,0,1
961,964,6,2,3
964,965,6,0,1
965,966,3,2,1
965,967,5,6,2
966,967,4,1,1
966,967,3,0,1
967,968,4,5,1
968,969,6,0,1
969,970,0,1,1
970,971,2,2,1
970,971,3,0,1
970,980,5,6,10
971,972,9,1,1
971,972,4,2,1
972,973,5,0,1
972,973,1,0,1
974,975,2,0,1
975,983,0,2,8
975,976,1,2,1
978,979,4,0,1
978,979,9,3,1
980,983,8,3,3
980,981,4,0,1
980,988,3,1,8
980,981,2,3,1
982,983,4,0,1
982,983,3,4,1
983,984,2,1,1
984,985,5,0,1
984,985,0,5,1
985,992,3,1,7
985,986,3,0,1
986,987,2,0,1
986,987,7,3,1
987,988,4,1,1
987,989,4,2,2
989,992,5,1,3
990,996,4,2,6
990,999,2,0,9
990,991,0,1,1
992,993,3,0,1
993,994,0,1,1
995,997,5,2,2
995,996,3,0,1
996,997,9,0,1
998,1000,7,1,2
998,1000,4,3,2
999,1000,0,1,1
1000,1006,6,3,6
1000,1009,4,0,9
1001,1002,3,0,1
1001,1002,1,4,1
1002,1003,1,1,1
1003,1006,4,2,3
1004,1005,5,0,1
1005,1011,4,0,6
1006,1007,3,0,1
1008,1009,2,1,1
1009,1011,1,4,2
1010,1013,7,2,3
1010,1018,1,2,8
1011,1013,4,2,2
1012,1013,5,0,1
1012,1013,5,6,1
1013,1015,6,5,2
1015,1020,5,5,5
1015,1016,4,0,1
1016,1017,2,0,1
1017,1018,5,2,1
1018,1019,6,1,1
1019,1020,4,0,1
1019,1020,8,5,1
1020,1021,5,1,1
1020,1021,3,1,1
1020,1031,6,2,11
1021,1022,6,1,1
1022,1023,5,2,1
1023,1024,1,0,1
1023,1025,4,0,2
1024,1025,1,0,1
1024,1026,5,5,2
1025,1027,6,2,2
1025,1026,0,0,1
1026,1027,8,1,1
1028,1031,1,2,3
1029,1030,4,0,1
1029,1030,4,3,1
1030,1032,2,2,2
1030,1031,6,0,1
1030,1039,7,1,9
1033,1035,5,0,2
1034,1035,0,1,1
1035,1042,6,1,7
1035,1036,7,1,1
1036,1037,6,4,1
1037,1038,8,1,1
1038,1039,4,1,1
1039,1040,5,4,1
1040,1046,1,3,6
1040,1041,3,1,1
1040,1049,3,2,9
1040,1041,3,1,1
1041,1042,2,0,1
1042,1043,2,1,1
1042,1044,5,3,2
1044,1045,4,8,1
1045,1046,4,3,1
1045,1046,4,2,1
1046,1048,1,3,2
1047,1049,5,6,2
1048,1049,1,2,1
1049,1050,7,1,1
1050,1053,3,1,3
1050,1058,2,5,8
1051,1052,1,1,1
1051,1053,2,2,2
1052,1053,8,0,1
1053,1054,4,2,1
1054,1055,3,0,1
1054,1055,0,1,1
1055,1063,9,0,8
1055,1056,7,0,1
1055,1056,6,4,1
1056,1057,4,2,1
1057,1058,0,1,1
1060,1064,6,2,4
1060,1069,1,0,9
1060,1061,6,4,1
1061,1063,3,3,2
1062,1063,1,0,1
1064,1065,6,1,1
1064,1065,7,2,1
1065,1072,3,2,7
1065,1068,2,6,3
1067,1068,5,1,1
1068,1069,0,1,1
1070,1076,9,0,6
1070,1071,1,0,1
1070,1079,3,0,9
1071,1072,6,0,1
1072,1073,5,1,1
1072,1073,7,1,1
1075,1082,6,1,7
1075,1076,6,2,1
1076,1079,2,5,3
1079,1081,8,5,2
1080,1084,6,2,4
1080,1081,5,1,1
1080,1090,7,4,10
1080,1081,0,2,1
1083,1084,6,1,1
1084,1085,6,1,1
1085,1090,6,3,5
1086,1087,4,0,1
1086,1087,8,4,1
1088,1089,5,1,1
1089,1090,4,0,1
1089,1091,8,4,2
1090,1094,4,2,4
1090,1092,4,1,2
1090,1099,7,3,9
1091,1092,9,0,1
1091,1093,4,5,2
1092,1093,3,3,1
1093,1096,1,2,3
1094,1095,3,0,1
1095,1098,1,3,3
1096,1097,7,0,1
1096,1098,1,2,2
1097,1098,4,2,1
1098,1099,7,2,1
1099,1100,9,2,1
1099,1101,7,0,2
1100,1101,9,2,1
1100,1108,2,3,8
1101,1102,4,2,1
1102,1104,1,0,2
1103,1104,3,6,1
1104,1105,1,1,1
1105,1109,1,1,4
1105,1106,2,3,1
1106,1107,0,2,1
1106,1108,5,2,2
1108,1109,2,0,1
1108,1109,4,3,1
1109,1110,7,1,1
1110,1113,7,1,3
1110,1119,8,5,9
1110,1111,5,2,1
1112,1113,3,0,1
1114,1115,3,2,1
1115,1117,1,3,2
1116,1117,3,1,1
1118,1120,3,3,2
1119,1122,4,1,3
1120,1124,4,1,4
1120,1131,5,0,11
1120,1121,6,5,1
1121,1122,5,1,1
1122,1125,4,1,3
1124,1125,5,2,1
1125,1132,7,2,7
1126,1127,3,0,1
1127,1128,3,0,1
1127,1129,7,4,2
1128,1129,4,0,1
1128,1129,5,2,1
1130,1131,4,0,1
1130,1138,7,7,8
1131,1137,4,1,6
1133,1134,8,0,1
1134,1135,5,0,1
1135,1138,1,2,3
1135,1136,1,0,1
1135,1137,3,3,2
1136,1138,5,1,2
1137,1138,7,1,1
1139,1141,5,4,2
1140,1143,4,0,3
1140,1142,0,0,2
1140,1150,7,0,10
1142,1145,7,2,3
1143,1144,5,0,1
1143,1145,3,1,2
1144,1145,7,2,1
1145,1148,1,2,3
1145,1146,5,2,1
1146,1147,4,3,1
1147,1148,5,1,1
1147,1150,1,1,3
1148,1149,8,3,1
1149,1150,5,2,1
1150,1155,5,1,5
1150,1158,3,2,8
1150,1151,7,4,1
1152,1154,5,5,2
1153,1154,5,2,1
1154,1155,3,1,1
1155,1162,4,4,7
1155,1156,3,0,1
1155,1156,6,4,1
1156,1157,7,0,1
1157,1158,6,1,1
1158,1159,4,0,1
1160,1161,3,2,1
1160,1170,4,6,10
1161,1162,1,1,1
1162,1164,5,2,2
1163,1164,2,0,1
1164,1165,4,0,1
1164,1166,7,7,2
1165,1169,3,3,4
1165,1168,5,1,3
1166,1167,4,0,1
1167,1169,5,0,2
1168,1169,7,2,1
1169,1170,7,3,1
1170,1175,8,4,5
1170,1171,7,0,1
1170,1177,4,5,7
1173,1174,3,2,1
1173,1175,2,4,2
1175,1179,2,2,4
1175,1176,0,0,1
1176,1177,4,0,1
1177,1179,3,2,2
1178,1179,0,0,1
1180,1187,8,1,7
1180,1189,7,4,9
1183,1184,9,0,1
1183,1184,6,3,1
1185,1191,6,1,6
1185,1186,6,3,1
1186,1187,4,1,1
1186,1187,5,0,1
1188,1189,9,0,1
1189,1190,1,4,1
1190,1193,5,3,3
1190,1199,8,2,9
1191,1193,5,3,2
1192,1193,5,2,1
1194,1196,4,4,2
1195,1197,4,1,2
1195,1196,4,0,1
1196,1197,0,3,1
1197,1198,4,0,1
1198,1199,1,2,1
1199,1200,1,1,1
1199,1200,7,3,1
1200,1204,3,1,4
1200,1209,5,1,9
1202,1203,7,0,1
1202,1204,2,3,2
1203,1204,1,0,1
1203,1206,9,4,3
1205,1206,6,3,1
1207,1208,4,0,1
1208,1209,5,1,1
1210,1212,8,2,2
1210,1211,9,2,1
1210,1219,7,1,9
1210,1211,4,0,1
1213,1214,9,5,1
1215,1225,3,2,10
1215,1216,4,4,1
1217,1218,6,7,1
1218,1221,4,3,3
1219,1220,4,0,1
1219,1222,1,4,3
1220,1221,3,0,1
1220,1231,7,3,11
1220,1222,6,3,2
1221,1222,1,2,1
1222,1224,5,3,2
1223,1224,2,0,1
1223,1224,4,4,1
1225,1233,4,2,8
1225,1227,3,1,2
1226,1227,0,1,1
1227,1228,3,1,1
1230,1236,4,0,6
1230,1231,2,0,1
1230,1240,2,0,10
1230,1231,4,5,1
1231,1232,2,0,1
1232,1233,7,1,1
1232,1233,7,3,1
1233,1234,4,1,1
1233,1234,5,1,1
1235,1243,9,1,8
1235,1236,7,1,1
1235,1236,6,0,1
1236,1237,0,0,1
1237,1238,3,2,1
1237,1238,2,4,1
1239,1240,6,0,1
1240,1249,1,4,9
1241,1247,4,2,6
1241,1242,6,1,1
1244,1245,4,0,1
1245,1246,9,1,1
1246,1253,3,0,7
1246,1247,4,1,1
1247,1248,4,0,1
1249,1250,6,0,1
1249,1251,4,1,2
1250,1253,5,0,3
1250,1259,1,4,9
1250,1251,2,0,1
1251,1252,4,0,1
1252,1254,3,1,2
1253,1254,2,0,1
1253,1254,7,3,1
1254,1256,4,3,2
1255,1258,6,2,3
1255,1256,7,0,1
1255,1256,0,2,1
1257,1258,4,3,1
1258,1259,7,0,1
1258,1259,6,0,1
1259,1260,8,0,1
1260,1269,8,4,9
1261,1263,3,0,2
1261,1262,5,1,1
1262,1263,7,0,1
1262,1263,1,4,1
1263,1264,2,1,1
1265,1266,4,0,1
1265,1266,0,1,1
1265,1267,4,2,2
1266,1268,8,3,2
1269,1271,4,0,2
1270,1274,5,1,4
1270,1271,1,0,1
1270,1276,3,3,6
1271,1272,6,1,1
1271,1272,5,3,1
1272,1273,4,0,1
1273,1275,3,1,2
1273,1274,2,1,1
1274,1275,3,0,1
1275,1281,7,1,6
1276,1277,8,0,1
1276,1277,2,2,1
1277,1278,2,2,1
1280,1284,5,1,4
1280,1290,7,2,10
1280,1281,2,1,1
1281,1282,6,0,1
1281,1284,0,1,3
1282,1283,5,3,1
1283,1284,6,0,1
1283,1285,7,3,2
1285,1292,6,1,7
1285,1286,7,0,1
1285,1286,3,4,1
1286,1287,1,0,1
1287,1288,6,0,1
1288,1289,4,0,1
1290,1291,4,1,1
1290,1298,4,2,8
1291,1292,8,0,1
1292,1298,6,3,6
1294,1295,3,0,1
1295,1300,4,1,5
1295,1296,0,0,1
1297,1298,8,4,1
1299,1300,4,0,1
1299,1301,0,4,2
1300,1306,6,2,6
1300,1309,6,2,9
1301,1302,7,0,1
1301,1302,6,4,1
1302,1303,5,1,1
1305,1308,2,3,3
1305,1306,6,3,1
1307,1308,5,0,1
1308,1310,3,3,2
1309,1310,1,4,1
1310,1315,5,2,5
1310,1319,5,4,9
1310,1313,0,4,3
1314,1315,3,0,1
1315,1317,4,4,2
1318,1319,5,0,1
1318,1319,7,2,1
1320,1324,2,2,4
1320,1329,4,0,9
1321,1323,7,2,2
1325,1332,2,1,7
1325,1327,2,3,2
1326,1327,6,2,1
1327,1328,0,0,1
1328,1330,0,0,2
1329,1331,5,3,2
1330,1331,7,1,1
1330,1340,8,4,10
1330,1331,2,2,1
1331,1336,4,2,5
1333,1334,7,2,1
1334,1335,5,2,1
1335,1343,8,0,8
1335,1336,5,1,1
1336,1337,3,2,1
1336,1337,4,7,1
1337,1338,4,2,1
1339,1340,4,2,1
1340,1341,7,2,1
1340,1341,5,0,1
1340,1349,5,0,9
1340,1341,5,4,1
1341,1342,5,0,1
1342,1343,9,0,1
1343,1344,4,2,1
1344,1345,6,0,1
1344,1345,5,5,1
1345,1352,6,3,7
1346,1347,3,1,1
1347,1348,3,0,1
1347,1348,5,0,1
1348,1349,5,0,1
1349,1350,4,1,1
1350,1352,8,2,2
1350,1351,2,1,1
1350,1360,6,2,10
1350,1352,1,2,2
1351,1352,5,2,1
1352,1354,7,0,2
1353,1354,3,1,1
1353,1355,6,0,2
1354,1355,5,0,1
1355,1358,3,2,3
1355,1356,6,0,1
1356,1357,7,0,1
1356,1357,9,0,1
1357,1358,0,1,1
1358,1359,0,0,1
1359,1361,6,5,2
1360,1363,3,1,3
1360,1371,6,2,11
1360,1361,6,0,1
1361,1362,7,0,1
1361,1362,3,3,1
1362,1364,6,4,2
1363,1365,4,0,2
1364,1365,1,0,1
1365,1370,3,2,5
1365,1366,4,1,1
1366,1367,4,2,1
1366,1368,5,2,2
1367,1369,1,0,2
1370,1376,2,2,6
1370,1379,5,3,9
1370,1372,3,6,2
1372,1373,8,2,1
1373,1374,4,0,1
1373,1375,4,0,2
1374,1375,6,2,1
1375,1382,4,2,7
1376,1379,3,3,3
1377,1378,3,4,1
1378,1379,4,2,1
1378,1381,3,5,3
1379,1380,5,3,1
1380,1385,5,0,5
1380,1381,4,0,1
1380,1389,2,0,9
1380,1381,2,2,1
1381,1382,1,0,1
1383,1384,1,0,1
1383,1384,3,0,1
1384,1385,9,3,1
1385,1389,3,2,4
1385,1387,5,5,2
1388,1389,6,1,1
1389,1390,3,0,1
1390,1394,4,2,4
1390,1398,5,0,8
1390,1392,0,3,2
1391,1392,5,2,1
1392,1394,6,3,2
1393,1394,5,5,1
1394,1395,5,0,1
1395,1401,7,2,6
1395,1396,7,0,1
1396,1397,7,0,1
1396,1397,5,6,1
1398,1399,6,4,1
1399,1400,3,3,1
1399,1401,5,2,2
1400,1405,7,1,5
1400,1401,0,0,1
1400,1413,7,1,13
1401,1402,6,0,1
1401,1402,4,2,1
1402,1403,5,0,1
1402,1403,2,3,1
1403,1404,9,0,1
1404,1405,9,4,1
1405,1407,6,1,2
1407,1408,4,0,1
1409,1410,3,1,1
1410,1419,8,1,9
1410,1418,2,0,8
1411,1412,4,5,1
1413,1416,5,3,3
1414,1415,3,1,1
1414,1416,3,4,2
1415,1420,3,2,5
1416,1417,5,1,1
1417,1418,5,0,1
1418,1419,9,2,1
1419,1420,6,0,1
1419,1421,5,0,2
1420,1426,3,3,6
1420,1428,4,6,8
1420,1421,8,1,1
1421,1422,5,1,1
1421,1422,4,0,1
1422,1424,4,1,2
1422,1423,0,1,1
1423,1425,6,2,2
1424,1426,5,1,2
1425,1429,7,2,4
1427,1428,5,1,1
1429,1431,5,1,2
1430,1437,7,2,7
1430,1431,4,1,1
1430,1439,9,0,9
1431,1434,8,2,3
1432,1433,8,1,1
1433,1434,2,0,1
1434,1436,6,2,2
1435,1440,4,2,5
1436,1437,9,4,1
1437,1438,1,0,1
1438,1439,9,0,1
1438,1439,7,1,1
1439,1440,5,2,1
1439,1440,1,2,1
1440,1446,3,1,6
1440,1441,8,0,1
1440,1448,4,3,8
1441,1442,7,0,1
1442,1443,6,1,1
1444,1445,4,1,1
1445,1450,1,4,5
1445,1446,2,0,1
1446,1447,5,0,1
1446,1447,2,4,1
1447,1448,6,0,1
1447,1449,5,0,2
1449,1450,5,0,1
1449,1450,5,1,1
1450,1453,0,2,3
1450,1451,5,1,1
1450,1460,0,0,10
1450,1451,5,2,1
1451,1452,4,2,1
1453,1454,1,0,1
1454,1455,6,5,1
1455,1460,7,1,5
1455,1456,4,0,1
1455,1456,5,2,1
1456,1457,5,1,1
1457,1458,7,2,1
1458,1459,8,0,1
1458,1459,3,4,1
1460,1463,3,0,3
1460,1461,3,1,1
1460,1469,9,2,9
1461,1462,5,1,1
1461,1463,4,4,2
1462,1464,0,3,2
1463,1464,2,0,1
1464,1465,1,3,1
1464,1465,7,0,1
1465,1468,4,0,3
1465,1466,3,3,1
1466,1467,3,1,1
1466,1468,6,2,2
1467,1468,5,0,1
1467,1469,1,4,2
1470,1473,7,2,3
1470,1471,8,1,1
1470,1480,5,4,10
1470,1471,4,1,1
1471,1472,3,6,1
1473,1474,7,0,1
1475,1486,9,3,11
1475,1477,9,0,2
1476,1477,6,1,1
1477,1478,6,2,1
1477,1479,5,2,2
1478,1479,2,0,1
1479,1480,8,0,1
1480,1490,1,4,10
1480,1481,5,4,1
1481,1488,5,0,7
1482,1483,6,2,1
1482,1483,1,0,1
1483,1484,3,0,1
1485,1488,4,2,3
1485,1486,3,3,1
1486,1487,4,2,1
1486,1489,0,1,3
1487,1488,0,1,1
1487,1488,3,4,1
1488,1489,6,0,1
1488,1490,5,0,2
1489,1490,7,0,1
1490,1497,1,2,7
1490,1499,2,5,9
1490,1491,4,4,1
1492,1493,4,0,1
1492,1493,1,4,1
1493,1494,6,0,1
1494,1495,9,0,1
1494,1495,6,1,1
1495,1499,7,2,4
1495,1496,4,3,1
1497,1498,5,0,1
1498,1499,5,0,1
1500,1505,4,1,5
1500,1501,1,1,1
1500,1509,7,1,9
1503,1504,6,0,1
1505,1510,5,1,5
1505,1506,6,2,1
1506,1507,1,0,1
1509,1510,2,1,1
1510,1515,8,2,5
1510,1521,5,3,11
1510,1511,2,4,1
1512,1513,1,2,1
1512,1513,5,2,1
1513,1514,5,1,1
1514,1515,3,3,1
1515,1518,5,2,3
1515,1516,2,1,1
1515,1516,3,2,1
1516,1517,6,1,1
1516,1517,8,2,1
1518,1520,3,6,2
1519,1520,4,2,1
1520,1523,7,3,3
1520,1528,0,1,8
1520,1521,7,0,1
1522,1523,3,6,1
1523,1525,5,1,2
1524,1526,4,1,2
1525,1533,7,2,8
1525,1526,8,0,1
1525,1528,4,1,3
1527,1528,9,2,1
1528,1529,4,0,1
1529,1530,5,0,1
1529,1530,2,1,1
1530,1535,6,1,5
1530,1531,5,0,1
1530,1538,4,5,8
1530,1531,7,2,1
1531,1532,3,1,1
1531,1533,0,4,2
1532,1533,5,0,1
1534,1535,1,0,1
1535,1540,6,1,5
1536,1537,5,1,1
1537,1538,5,1,1
1537,1538,2,0,1
1538,1539,4,2,1
1539,1540,6,0,1
1540,1545,3,1,5
1540,1549,1,3,9
1540,1541,5,4,1
1542,1543,3,6,1
1543,1544,3,2,1
1544,1545,8,0,1
1544,1545,9,2,1
1546,1551,3,0,5
1546,1547,2,3,1
1546,1547,3,3,1
1547,1548,3,0,1
1549,1550,8,0,1
1550,1558,2,3,8
1550,1551,5,0,1
1550,1560,0,1,10
1550,1551,1,5,1
1551,1552,3,2,1
1551,1552,4,3,1
1553,1554,8,0,1
1554,1556,5,0,2
1555,1560,3,1,5
1555,1556,4,0,1
1557,1558,3,0,1
1558,1559,4,4,1
1559,1562,3,2,3
1560,1566,5,2,6
1560,1561,2,0,1
1560,1568,3,0,8
1561,1562,2,4,1
1562,1563,6,1,1
1563,1566,9,0,3
1564,1566,3,5,2
1565,1568,6,2,3
1565,1566,6,0,1
1567,1568,2,0,1
1568,1569,2,0,1
1568,1570,5,4,2
1569,1570,8,0,1
1569,1570,1,2,1
1570,1574,3,1,4
1570,1579,6,3,9
1573,1574,5,2,1
1575,1580,2,4,5
1575,1576,6,1,1
1575,1577,0,1,2
1576,1577,9,4,1
1577,1580,1,2,3
1578,1579,5,1,1
1578,1579,6,3,1
1579,1580,4,0,1
1580,1584,2,1,4
1580,1581,6,1,1
1580,1590,5,0,10
1581,1582,4,0,1
1581,1582,0,0,1
1582,1583,4,5,1
1583,1584,6,0,1
1585,1587,8,2,2
1588,1589,3,1,1
1590,1595,4,2,5
1590,1601,3,2,11
1591,1592,5,1,1
1592,1593,9,0,1
1592,1593,1,5,1
1593,1594,4,2,1
1593,1594,1,4,1
1595,1602,4,2,7
1595,1596,6,2,1
1596,1598,7,0,2
1596,1598,6,5,2
1597,1598,8,3,1
1598,1600,3,2,2
1599,1600,3,3,1
1599,1601,8,4,2
1600,1606,3,1,6
1600,1609,4,3,9
1601,1602,4,1,1
1602,1603,6,1,1
1602,1603,4,3,1
1603,1604,2,2,1
1605,1608,4,2,3
1605,1606,7,0,1
1605,1607,5,3,2
1606,1607,3,2,1
1606,1607,5,1,1
1607,1608,7,1,1
1608,1609,4,3,1
1610,1614,5,1,4
1610,1620,2,0,10
1611,1612,5,1,1
1612,1613,7,3,1
1613,1614,8,1,1
1614,1615,7,2,1
1615,1617,5,2,2
1616,1617,6,1,1
1616,1617,2,3,1
1617,1618,4,0,1
1618,1619,4,1,1
1620,1623,5,3,3
1620,1629,5,2,9
1620,1621,3,2,1
1621,1623,4,3,2
1622,1623,3,0,1
1624,1625,2,2,1
1625,1629,3,0,4
1625,1626,5,1,1
1627,1628,2,1,1
1627,1628,6,4,1
1628,1629,9,2,1
1629,1630,7,0,1
1629,1631,4,0,2
1630,1637,4,2,7
1630,1640,4,4,10
1630,1632,0,2,2
1631,1632,8,0,1
1631,1632,3,0,1
1632,1633,4,0,1
1633,1634,0,1,1
1633,1634,0,4,1
1634,1635,4,3,1
1635,1639,4,2,4
1635,1637,9,0,2
1635,1637,8,0,2
1636,1637,4,0,1
1636,1637,6,5,1
1638,1639,0,0,1
1639,1640,2,2,1
1640,1643,8,0,3
1640,1651,6,7,11
1640,1641,1,0,1
1642,1643,7,0,1
1642,1644,6,4,2
1644,1645,6,2,1
1644,1646,2,3,2
1645,1646,7,0,1
1646,1648,9,0,2
1646,1647,7,2,1
1647,1648,6,0,1
1648,1649,4,3,1
1649,1650,4,1,1
1649,1650,7,5,1
1650,1656,6,1,6
1650,1658,4,2,8
1651,1652,7,0,1
1652,1654,5,0,2
1653,1654,2,0,1
1654,1655,3,0,1
1655,1659,9,1,4
1656,1657,5,1,1
1657,1658,6,1,1
1658,1659,4,3,1
1659,1660,5,0,1
1660,1661,3,1,1
1660,1661,5,1,1
1660,1670,6,2,10
1662,1663,8,1,1
1662,1663,6,0,1
1663,1664,3,7,1
1665,1669,6,0,4
1665,1666,6,1,1
1666,1669,4,4,3
1667,1668,8,2,1
1668,1669,7,0,1
1669,1670,5,1,1
1670,1676,4,0,6
1670,1671,5,2,1
1670,1680,2,0,10
1671,1673,5,5,2
1672,1673,2,0,1
1672,1673,4,2,1
1673,1674,0,4,1
1674,1675,5,0,1
1675,1682,2,2,7
1675,1676,9,2,1
1675,1676,6,1,1
1676,1677,5,1,1
1678,1680,5,3,2
1679,1680,6,0,1
1679,1680,3,4,1
1680,1685,3,1,5
1680,1682,8,0,2
1680,1691,6,3,11
1680,1681,2,2,1
1681,1682,5,0,1
1681,1683,4,1,2
1682,1683,4,0,1
1685,1691,3,1,6
1685,1687,6,3,2
1687,1688,5,0,1
1687,1690,6,4,3
1689,1690,7,0,1
1690,1695,6,2,5
1690,1691,5,0,1
1690,1699,3,6,9
1690,1691,9,5,1
1691,1692,8,0,1
1691,1693,4,0,2
1693,1694,2,5,1
1694,1695,6,4,1
1695,1699,8,3,4
1695,1696,5,0,1
1696,1697,3,2,1
1697,1698,7,0,1
1697,1698,2,1,1
1698,1701,7,0,3
1699,1700,6,1,1
1700,1703,8,2,3
1700,1701,4,0,1
1700,1710,3,4,10
1700,1701,3,3,1
1701,1702,6,0,1
1701,1702,9,4,1
1702,1703,1,0,1
1702,1705,4,2,3
1705,1713,4,1,8
1705,1706,3,1,1
1706,1707,4,1,1
1706,1707,5,3,1
1707,1708,6,0,1
1707,1709,2,0,2
1710,1715,6,2,5
1710,1711,1,0,1
1710,1720,4,1,10
1710,1711,5,4,1
1712,1713,1,2,1
1712,1713,5,2,1
1713,1714,2,2,1
1714,1715,7,1,1
1715,1726,5,2,11
1716,1717,4,1,1
1717,1718,0,0,1
1717,1719,6,5,2
1719,1720,0,0,1
1720,1724,4,1,4
1720,1730,4,0,10
1720,1721,3,1,1
1722,1723,3,4,1
1723,1724,6,1,1
1723,1725,9,0,2
1724,1725,2,1,1
1724,1725,8,1,1
1725,1729,5,0,4
1727,1728,4,2,1
1728,1729,3,0,1
1730,1731,5,0,1
1730,1740,5,2,10
1731,1737,5,2,6
1731,1732,3,4,1
1732,1733,0,0,1
1732,1734,2,3,2
1733,1736,9,3,3
1734,1735,8,4,1
1735,1737,3,3,2
1735,1736,1,4,1
1736,1737,0,0,1
1736,1737,9,2,1
1738,1740,3,0,2
1740,1749,0,2,9
1740,1742,6,6,2
1741,1745,5,2,4
1741,1742,6,1,1
1743,1744,6,0,1
1744,1745,1,2,1
1745,1749,5,0,4
1745,1746,1,0,1
1747,1748,3,1,1
1748,1749,5,2,1
1749,1750,2,0,1
1750,1754,3,0,4
1750,1751,5,1,1
1750,1760,3,1,10
1752,1753,0,1,1
1753,1754,9,6,1
1754,1755,2,0,1
1755,1759,4,2,4
1755,1756,5,0,1
1756,1757,3,3,1
1759,1760,5,2,1
1759,1761,3,2,2
1760,1766,2,2,6
1760,1769,0,1,9
1762,1763,8,2,1
1763,1764,4,1,1
1764,1765,3,4,1
1765,1769,2,1,4
1765,1766,3,1,1
1766,1767,8,1,1
1767,1768,0,1,1
1767,1769,6,5,2
1768,1769,6,3,1
1769,1772,7,4,3
1770,1776,3,4,6
1770,1780,2,3,10
1771,1772,6,0,1
1772,1773,4,0,1
1774,1775,2,0,1
1774,1775,5,3,1
1775,1777,1,2,2
1778,1779,3,2,1
1779,1780,6,0,1
1780,1787,4,2,7
1780,1791,4,3,11
1780,1783,4,3,3
1781,1782,8,1,1
1782,1783,3,0,1
1782,1783,4,5,1
1783,1784,5,2,1
1784,1785,8,0,1
1786,1787,6,2,1
1787,1789,0,1,2
1788,1789,7,1,1
1790,1796,2,2,6
1790,1800,7,2,10
1792,1793,4,0,1
1793,1794,2,1,1
1794,1795,5,2,1
1794,1795,4,3,1
1795,1807,1,1,12
1796,1797,3,1,1
1796,1797,3,1,1
1797,1798,1,4,1
1798,1801,8,0,3
1799,1800,0,1,1
1800,1803,0,2,3
1800,1810,4,5,10
1800,1801,4,3,1
1801,1802,5,4,1
1803,1804,1,2,1
1804,1805,9,2,1
1805,1812,6,1,7
1806,1807,2,1,1
1807,1808,5,0,1
1807,1808,0,2,1
1808,1809,7,2,1
1808,1810,8,6,2
1809,1810,5,0,1
1809,1810,6,4,1
1810,1820,3,4,10
1810,1811,3,5,1
1811,1812,6,2,1
1811,1812,4,2,1
1812,1813,1,6,1
1813,1814,0,0,1
1815,1818,4,1,3
1815,1816,9,6,1
1817,1818,9,0,1
1817,1819,9,1,2
1818,1820,4,2,2
1819,1820,7,2,1
1820,1822,8,2,2
1820,1828,9,2,8
1821,1823,5,0,2
1822,1823,9,1,1
1824,1825,7,0,1
1825,1826,2,4,1
1826,1832,1,3,6
1826,1827,0,1,1
1826,1827,3,1,1
1828,1829,4,0,1
1829,1830,5,2,1
1829,1831,2,4,2
1830,1835,4,2,5
1830,1840,3,3,10
1830,1833,5,4,3
1832,1833,4,1,1
1832,1833,3,0,1
1833,1834,4,1,1
1834,1837,7,5,3
1835,1838,4,3,3
1835,1836,6,0,1
1835,1836,0,0,1
1837,1838,2,1,1
1838,1839,4,2,1
1839,1841,4,0,2
1839,1840,1,4,1
1840,1843,9,2,3
1840,1850,9,3,10
1841,1842,9,6,1
1843,1844,3,2,1
1843,1844,8,2,1
1844,1845,2,0,1
1844,1846,3,0,2
1845,1849,1,2,4
1845,1846,3,0,1
1846,1847,0,0,1
1846,1847,0,2,1
1848,1849,2,4,1
1850,1855,3,1,5
1850,1860,7,5,10
1851,1852,1,3,1
1852,1853,7,2,1
1852,1853,6,5,1
1855,1860,0,2,5
1855,1856,1,0,1
1857,1858,2,1,1
1859,1861,3,0,2
1860,1867,4,0,7
1860,1869,0,1,9
1861,1864,6,3,3
1862,1863,8,1,1
1864,1865,5,2,1
1865,1872,0,2,7
1865,1866,4,1,1
1866,1867,7,0,1
1867,1868,6,0,1
1868,1869,7,1,1
1868,1869,7,1,1
1869,1871,4,5,2
1870,1877,2,1,7
1870,1877,5,3,7
1872,1873,3,0,1
1873,1874,5,3,1
1873,1875,5,3,2
1875,1878,2,1,3
1876,1877,2,3,1
1877,1878,8,0,1
1878,1879,4,6,1
1879,1880,1,1,1
1880,1884,5,2,4
1880,1881,7,1,1
1880,1887,2,8,7
1880,1882,8,2,2
1881,1882,3,1,1
1881,1882,1,3,1
1882,1883,0,2,1
1882,1884,9,3,2
1883,1884,6,2,1
1885,1893,2,1,8
1885,1888,0,1,3
1886,1887,6,0,1
1887,1888,0,1,1
1888,1889,1,1,1
1888,1889,3,2,1
1889,1890,4,1,1
1890,1894,0,2,4
1890,1891,4,1,1
1890,1900,8,0,10
1890,1891,3,3,1
1892,1893,4,1,1
1893,1894,4,0,1
1894,1895,5,1,1
1895,1901,2,2,6
1897,1898,9,0,1
1898,1899,5,1,1
1898,1899,1,2,1
1900,1904,2,0,4
1900,1909,6,3,9
1900,1901,2,0,1
1901,1902,3,0,1
1902,1903,6,0,1
1902,1903,3,0,1
1903,1905,8,2,2
1905,1910,4,2,5
1905,1907,7,2,2
1906,1907,7,1,1
1906,1907,4,3,1
1907,1908,7,0,1
1907,1909,7,2,2
1908,1909,6,2,1
1910,1915,6,2,5
1910,1912,7,2,2
1910,1920,4,0,10
1910,1911,5,2,1
1911,1912,4,0,1
1911,1913,5,5,2
1912,1914,3,0,2
1913,1915,4,0,2
1914,1915,4,1,1
1914,1915,3,3,1
1915,1921,5,2,6
1915,1916,5,7,1
1916,1917,3,0,1
1916,1917,4,3,1
1917,1918,0,3,1
1918,1920,7,1,2
1919,1920,4,0,1
1920,1925,6,1,5
1920,1930,4,1,10
1920,1921,4,3,1
1921,1922,9,1,1
1922,1923,3,0,1
1922,1925,5,6,3
1924,1925,7,0,1
1924,1925,2,0,1
1925,1926,0,0,1
1926,1928,4,4,2
1928,1929,2,0,1
1929,1930,7,1,1
1929,1930,9,2,1
1930,1934,7,1,4
1930,1940,5,0,10
1930,1932,4,3,2
1932,1933,4,0,1
1933,1934,7,0,1
1933,1934,6,2,1
1935,1936,6,2,1
1936,1937,6,1,1
1936,1938,6,1,2
1937,1938,4,0,1
1937,1938,4,4,1
1938,1939,5,1,1
1939,1940,9,0,1
1939,1941,4,2,2
1940,1945,8,2,5
1940,1941,4,0,1
1940,1948,3,1,8
1942,1943,3,4,1
1943,1944,6,2,1
1943,1944,7,0,1
1944,1946,6,3,2
1945,1950,7,0,5
1945,1946,4,2,1
1945,1947,0,1,2
1948,1950,8,2,2
1950,1954,3,0,4
1950,1959,4,4,9
1950,1951,4,0,1
1952,1953,8,2,1
1952,1953,3,3,1
1954,1955,8,3,1
1955,1964,9,3,9
1955,1956,8,3,1
1955,1957,3,1,2
1956,1957,5,2,1
1956,1959,5,2,3
1957,1958,5,4,1
1959,1960,6,1,1
1960,1964,9,1,4
1960,1961,9,1,1
1960,1970,2,0,10
1960,1961,6,2,1
1961,1962,1,1,1
1962,1963,5,4,1
1963,1964,6,3,1
1963,1964,6,3,1
1964,1965,3,5,1
1965,1974,8,3,9
1965,1966,1,2,1
1965,1966,5,4,1
1966,1967,3,7,1
1967,1969,9,1,2
1969,1971,3,3,2
1970,1976,3,1,6
1970,1981,7,0,11
1973,1974,9,0,1
1975,1980,3,3,5
1977,1978,5,1,1
1978,1979,5,2,1
1978,1981,5,2,3
1979,1980,5,1,1
1980,1984,1,0,4
1980,1990,6,3,10
1980,1982,8,2,2
1982,1983,4,2,1
1983,1984,0,0,1
1984,1985,2,4,1
1985,1990,4,1,5
1985,1986,5,0,1
1987,1988,9,0,1
1987,1988,9,0,1
1988,1989,8,3,1
1990,1996,3,0,6
1990,1999,5,6,9
1991,1992,2,2,1
1992,1993,0,1,1
1992,1994,7,2,2
1993,1994,3,1,1
1994,1995,2,1,1
1994,1996,4,0,2
1995,2000,3,2,5
1995,1996,4,0,1
1996,1998,0,4,2
1997,1998,4,0,1
1998,1999,6,5,1
1999,2000,3,1,1
2000,2004,4,2,4
2000,2001,5,1,1
2000,2010,4,0,10
2001,2002,3,1,1
2003,2004,4,1,1
2003,2004,4,3,1
2005,2012,5,2,7
2006,2007,2,0,1
2006,2007,6,6,1
2007,2008,4,2,1
2009,2012,5,2,3
2010,2012,6,2,2
2010,2011,4,0,1
2010,2020,4,4,10
2011,2012,1,2,1
2011,2012,7,1,1
2012,2013,6,1,1
2013,2014,8,1,1
2013,2014,3,3,1
2014,2015,4,1,1
2014,2015,7,1,1
2015,2021,5,1,6
2015,2016,9,0,1
2017,2018,7,0,1
2017,2018,4,3,1
2018,2019,8,0,1
2019,2020,6,2,1
2020,2026,4,0,6
2020,2021,2,0,1
2020,2030,2,0,10
2020,2021,8,3,1
2021,2023,8,2,2
2022,2023,5,3,1
2023,2024,3,2,1
2023,2025,6,1,2
2024,2025,2,2,1
2024,2025,2,1,1
2025,2033,3,2,8
2025,2026,9,2,1
2026,2027,4,1,1
2028,2029,9,0,1
2030,2033,3,2,3
2030,2040,6,6,10
2031,2032,6,0,1
2031,2033,2,3,2
2034,2035,6,0,1
2034,2036,4,1,2
2035,2037,5,3,2
2036,2037,8,1,1
2036,2037,9,3,1
2037,2038,5,0,1
2037,2038,6,3,1
2038,2039,2,0,1
2038,2039,2,4,1
2039,2040,1,1,1
2039,2040,4,3,1
2040,2042,6,3,2
2040,2041,6,0,1
2040,2049,8,1,9
2040,2041,3,2,1
2041,2042,5,3,1
2043,2044,6,1,1
2045,2046,0,2,1
2045,2046,5,2,1
2047,2048,5,0,1
2048,2049,1,1,1
2048,2049,2,0,1
2050,2051,7,2,1
2050,2051,3,1,1
2050,2060,5,3,10
2050,2051,5,6,1
2051,2052,7,0,1
2053,2054,9,1,1
2054,2055,2,1,1
2054,2055,4,0,1
2055,2057,5,3,2
2055,2056,2,0,1
2055,2056,1,5,1
2056,2057,3,1,1
2056,2057,2,4,1
2057,2058,4,1,1
2057,2058,2,4,1
2059,2060,3,3,1
2059,2060,6,6,1
2060,2067,3,0,7
2060,2061,6,1,1
2060,2071,5,2,11
2060,2061,5,1,1
2061,2062,3,0,1
2061,2064,7,0,3
2062,2063,3,1,1
2063,2064,4,1,1
2064,2065,3,0,1
2065,2070,1,0,5
2065,2066,0,2,1
2066,2067,5,0,1
2066,2067,8,5,1
2068,2069,9,2,1
2068,2070,7,5,2
2069,2071,3,5,2
2070,2072,3,2,2
2070,2071,4,2,1
2070,2079,1,5,9
2070,2071,4,8,1
2071,2072,3,2,1
2072,2073,0,1,1
2072,2073,6,4,1
2073,2074,7,0,1
2074,2075,5,1,1
2075,2076,3,0,1
2075,2076,5,1,1
2076,2077,9,7,1
2077,2079,5,0,2
2077,2078,6,2,1
2078,2079,4,1,1
2078,2079,5,3,1
2079,2080,4,1,1
2079,2081,2,4,2
2080,2086,3,1,6
2080,2081,4,0,1
2080,2090,3,6,10
2080,2083,5,0,3
2082,2083,5,4,1
2083,2085,4,1,2
2084,2086,6,4,2
2085,2089,1,1,4
2085,2086,4,1,1
2086,2087,1,1,1
2087,2088,6,0,1
2088,2089,7,1,1
2089,2090,4,0,1
2089,2090,3,3,1
2090,2097,5,1,7
2090,2099,7,1,9
2091,2092,4,4,1
2093,2094,4,0,1
2093,2094,6,0,1
2094,2095,4,1,1
2094,2095,6,3,1
2095,2097,3,1,2
2095,2097,2,0,2
2096,2097,7,1,1
2098,2099,7,2,1
2100,2104,9,1,4
2100,2108,1,2,8
2101,2102,5,2,1
2101,2102,5,0,1
2102,2103,8,1,1
2103,2104,6,0,1
2104,2107,7,3,3
2105,2110,3,1,5
2106,2107,5,0,1
2106,2107,5,3,1
2107,2108,6,2,1
2107,2108,7,5,1
2108,2109,3,2,1
2108,2110,5,0,2
2109,2110,1,1,1
2109,2110,1,5,1
2110,2113,6,4,3
2110,2111,4,1,1
2110,2121,1,2,11
2111,2113,7,1,2
2113,2115,4,0,2
2115,2120,5,2,5
2115,2117,3,0,2
2116,2117,5,3,1
2118,2119,3,2,1
2119,2120,5,0,1
2120,2121,3,2,1
2120,2121,5,0,1
2120,2130,3,4,10
2120,2121,3,0,1
2121,2122,5,0,1
2121,2123,5,2,2
2122,2123,7,0,1
2123,2124,4,3,1
2124,2125,4,0,1
2125,2133,3,3,8
2125,2126,3,2,1
2126,2127,7,2,1
2127,2128,5,1,1
2128,2129,3,2,1
2128,2129,8,3,1
2130,2136,5,3,6
2130,2141,9,3,11
2130,2133,7,1,3
2131,2132,7,8,1
2134,2135,5,0,1
2135,2142,7,0,7
2136,2137,1,4,1
2137,2138,7,0,1
2137,2138,5,3,1
2138,2139,4,3,1
2139,2140,4,0,1
2140,2144,3,1,4
2140,2148,5,2,8
2142,2143,5,1,1
2142,2144,6,0,2
2143,2145,6,4,2
2144,2145,6,0,1
2145,2151,9,2,6
2145,2146,6,0,1
2146,2147,7,0,1
2147,2148,2,0,1
2149,2150,2,2,1
2149,2150,4,2,1
2150,2158,6,2,8
2150,2161,2,3,11
2150,2152,4,1,2
2151,2152,6,5,1
2153,2155,4,0,2
2154,2155,1,0,1
2154,2156,3,0,2
2155,2159,3,3,4
2155,2156,6,4,1
2156,2157,5,2,1
2157,2159,0,1,2
2160,2162,9,1,2
2160,2162,4,0,2
2160,2171,1,0,11
2160,2161,9,3,1
2161,2162,8,1,1
2162,2163,6,0,1
2165,2170,2,1,5
2166,2167,6,0,1
2168,2169,0,0,1
2168,2169,4,5,1
2170,2176,6,3,6
2170,2171,4,0,1
2170,2179,3,2,9
2170,2171,6,0,1
2172,2173,8,4,1
2173,2174,4,1,1
2174,2175,5,6,1
2175,2182,6,2,7
2178,2179,5,2,1
2179,2180,4,0,1
2179,2180,5,1,1
2180,2185,5,1,5
2180,2192,8,5,12
2180,2181,4,1,1
2181,2182,6,0,1
2182,2183,3,0,1
2182,2183,6,1,1
2183,2184,1,0,1
2183,2186,3,2,3
2185,2190,8,1,5
2185,2186,5,2,1
2186,2187,6,3,1
2188,2189,6,1,1
2188,2189,8,5,1
2189,2190,5,4,1
2190,2201,3,4,11
2190,2191,5,2,1
2191,2196,6,2,5
2191,2192,5,1,1
2191,2194,3,4,3
2192,2193,1,2,1
2193,2194,3,5,1
2194,2195,7,6,1
2195,2198,3,2,3
2195,2196,5,0,1
2196,2197,3,3,1
2198,2199,5,3,1
2199,2201,5,2,2
2200,2202,5,2,2
2200,2201,0,2,1
2200,2210,6,1,10
2201,2202,6,0,1
2202,2203,3,0,1
2203,2204,3,5,1
2204,2205,1,4,1
2205,2209,5,2,4
2206,2209,5,4,3
2207,2208,3,1,1
2209,2211,2,2,2
2210,2211,9,2,1
2210,2221,9,4,11
2210,2211,1,2,1
2211,2213,4,3,2
2211,2212,2,2,1
2212,2213,2,4,1
2213,2215,9,0,2
2214,2215,9,1,1
2214,2216,8,0,2
2215,2219,6,2,4
2215,2216,9,0,1
2215,2216,3,0,1
2218,2219,3,0,1
2220,2224,6,3,4
2220,2221,5,0,1
2220,2229,5,2,9
2221,2222,2,1,1
2222,2223,1,0,1
2223,2224,9,0,1
2223,2225,6,4,2
2224,2225,4,3,1
2225,2228,4,2,3
2226,2227,3,1,1
2226,2228,1,3,2
2227,2228,2,4,1
2228,2229,6,2,1
2229,2230,6,0,1
2230,2240,6,1,10
2230,2238,3,1,8
2232,2234,8,0,2
2232,2234,5,3,2
2233,2234,7,4,1
2234,2235,4,0,1
2234,2235,7,2,1
2235,2241,7,1,6
2235,2236,2,0,1
2236,2237,4,2,1
2237,2238,3,0,1
2238,2239,4,1,1
2238,2239,6,1,1
2239,2240,6,5,1
2240,2246,6,1,6
2240,2250,2,3,10
2241,2243,5,0,2
2242,2243,6,0,1
2242,2244,6,1,2
2244,2245,4,1,1
2244,2245,5,4,1
2245,2250,3,2,5
2245,2246,4,1,1
2246,2247,5,0,1
2247,2248,7,2,1
2248,2249,3,1,1
2248,2249,6,1,1
2249,2250,5,5,1
2250,2258,6,4,8
2250,2258,9,4,8
2251,2252,5,4,1
2252,2253,9,0,1
2253,2254,7,3,1
2254,2255,5,3,1
2255,2261,8,1,6
2255,2256,6,0,1
2256,2259,5,4,3
2257,2259,1,4,2
2259,2260,4,0,1
2260,2265,6,0,5
2260,2261,4,3,1
2260,2268,0,1,8
2261,2262,8,0,1
2261,2262,2,6,1
2262,2263,2,0,1
2263,2264,6,0,1
2263,2264,7,4,1
2264,2265,5,0,1
2264,2266,8,5,2
2265,2268,4,2,3
2265,2266,3,0,1
2266,2267,4,0,1
2266,2267,8,4,1
2267,2268,5,0,1
2267,2268,5,0,1
2268,2269,6,0,1
2268,2269,6,3,1
2269,2270,5,3,1
2270,2275,0,1,5
2270,2279,5,4,9
2271,2273,2,3,2
2272,2273,8,0,1
2272,2273,3,1,1
2274,2275,8,1,1
2274,2276,6,1,2
2275,2281,5,1,6
2275,2276,4,0,1
2276,2278,4,4,2
2278,2279,0,0,1
2279,2280,6,0,1
2279,2280,5,5,1
2280,2283,8,1,3
2280,2289,0,4,9
2281,2282,6,2,1
2281,2282,4,0,1
2282,2283,7,6,1
2283,2284,5,0,1
2284,2285,3,0,1
2285,2296,2,4,11
2287,2288,4,1,1
2289,2290,1,0,1
2289,2290,5,0,1
2290,2294,2,2,4
2290,2300,0,1,10
2290,2291,3,3,1
2291,2292,4,0,1
2292,2293,1,5,1
2293,2295,6,2,2
2294,2295,5,0,1
2295,2304,7,2,9
2295,2297,5,4,2
2297,2298,3,0,1
2298,2299,5,1,1
2300,2306,2,2,6
2300,2301,5,0,1
2300,2310,8,0,10
2301,2302,4,0,1
2302,2303,8,5,1
2303,2304,4,5,1
2304,2305,4,2,1
2305,2309,7,1,4
2306,2308,6,4,2
2307,2308,3,1,1
2308,2310,6,0,2
2309,2311,1,0,2
2310,2317,7,2,7
2310,2311,1,1,1
2310,2321,2,1,11
2311,2312,9,0,1
2312,2313,0,1,1
2312,2313,4,3,1
2313,2314,7,2,1
2315,2320,6,1,5
2317,2318,2,1,1
2317,2319,2,1,2
2318,2319,6,0,1
2320,2328,6,1,8
2320,2321,6,0,1
2320,2331,7,2,11
2321,2322,4,0,1
2322,2323,4,1,1
2322,2323,0,3,1
2323,2324,5,1,1
2323,2324,6,4,1
2324,2325,7,1,1
2325,2330,5,2,5
2325,2326,5,1,1
2326,2327,3,0,1
2326,2328,7,4,2
2327,2328,4,0,1
2329,2330,6,3,1
2330,2333,4,2,3
2330,2332,7,1,2
2330,2341,7,4,11
2330,2333,8,6,3
2331,2332,6,2,1
2331,2332,4,1,1
2333,2336,4,5,3
2334,2336,2,1,2
2335,2342,3,2,7
2335,2336,1,0,1
2337,2338,1,2,1
2338,2340,1,3,2
2340,2341,5,2,1
2340,2341,1,0,1
2340,2350,4,2,10
2342,2343,5,0,1
2342,2344,2,3,2
2343,2344,9,0,1
2344,2345,4,1,1
2344,2345,1,3,1
2345,2353,2,2,8
2345,2346,4,0,1
2345,2346,1,0,1
2346,2348,2,3,2
2348,2349,3,1,1
2348,2349,3,3,1
2350,2356,3,2,6
2350,2359,5,3,9
2351,2352,3,1,1
2353,2354,0,2,1
2354,2355,3,1,1
2355,2358,7,2,3
2355,2356,7,1,1
2356,2357,6,4,1
2357,2358,8,0,1
2357,2358,9,0,1
2360,2365,8,1,5
2360,2370,8,0,10
2360,2361,5,0,1
2361,2362,5,1,1
2362,2363,2,0,1
2363,2364,5,1,1
2364,2365,4,1,1
2364,2365,9,2,1
2365,2373,5,2,8
2365,2366,0,2,1
2365,2367,6,3,2
2367,2368,5,2,1
2368,2369,4,0,1
2368,2369,1,1,1
2369,2370,3,0,1
2369,2371,2,3,2
2370,2374,0,1,4
2370,2371,2,0,1
2370,2379,7,4,9
2370,2372,6,1,2
2371,2372,6,1,1
2371,2373,1,2,2
2373,2374,7,2,1
2374,2375,2,1,1
2374,2375,8,3,1
2375,2381,4,2,6
2375,2377,0,1,2
2375,2376,1,0,1
2376,2377,4,0,1
2378,2379,1,2,1
2379,2380,8,1,1
2379,2382,9,0,3
2380,2381,4,1,1
2380,2381,3,0,1
2380,2389,3,2,9
2381,2382,4,0,1
2381,2383,4,3,2
2383,2384,4,0,1
2384,2386,4,1,2
2385,2397,8,1,12
2385,2386,7,1,1
2386,2387,3,0,1
2386,2388,3,4,2
2387,2388,5,1,1
2388,2389,1,6,1
2389,2390,5,1,1
2390,2397,5,2,7
2390,2391,7,0,1
2390,2399,0,3,9
2391,2392,5,1,1
2392,2393,4,1,1
2392,2393,5,4,1
2394,2395,6,1,1
2395,2401,5,1,6
2395,2396,6,1,1
2396,2397,8,4,1
2397,2398,9,0,1
2398,2399,2,0,1
2399,2400,4,2,1
2399,2402,5,2,3
2400,2403,7,0,3
2400,2401,6,1,1
2400,2412,6,4,12
2402,2403,2,0,1
2402,2403,5,1,1
2403,2404,4,4,1
2404,2405,6,1,1
2404,2405,4,2,1
2405,2408,7,3,3
2405,2406,6,0,1
2410,2415,6,1,5
2410,2411,1,2,1
2410,2419,4,1,9
2411,2412,1,0,1
2412,2413,0,2,1
2412,2413,0,5,1
2414,2415,9,5,1
2415,2418,4,2,3
2415,2416,8,0,1
2416,2417,6,4,1
2417,2419,6,2,2
2418,2419,2,1,1
2418,2419,3,3,1
2420,2425,9,0,5
2420,2421,3,0,1
2420,2431,0,4,11
2420,2421,1,2,1
2421,2422,9,1,1
2422,2423,5,1,1
2423,2424,4,0,1
2425,2432,5,3,7
2425,2426,9,1,1
2426,2428,3,2,2
2427,2428,8,0,1
2427,2429,7,0,2
2428,2429,7,0,1
2429,2430,6,0,1
2429,2431,6,0,2
2430,2431,8,2,1
2430,2432,5,2,2
2430,2440,0,4,10
2430,2432,7,3,2
2434,2435,5,0,1
2434,2436,3,3,2
2435,2436,5,0,1
2435,2437,6,1,2
2435,2437,8,6,2
2436,2437,4,1,1
2437,2438,9,2,1
2437,2439,3,2,2
2438,2439,7,0,1
2438,2439,5,5,1
2439,2440,0,0,1
2439,2440,5,2,1
2440,2444,6,3,4
2440,2441,3,2,1
2440,2451,2,2,11
2441,2442,6,1,1
2442,2443,3,1,1
2442,2443,8,0,1
2443,2444,3,0,1
2444,2446,9,2,2
2445,2453,3,2,8
2445,2446,3,1,1
2445,2446,3,4,1
2446,2447,2,0,1
2447,2448,7,0,1
2448,2449,9,0,1
2448,2449,8,3,1
2449,2450,0,1,1
2450,2451,4,2,1
2450,2461,6,3,11
2451,2452,3,1,1
2452,2453,5,0,1
2454,2455,4,1,1
2455,2463,5,0,8
2455,2456,5,4,1
2456,2457,0,2,1
2457,2458,1,4,1
2458,2459,2,2,1
2460,2470,6,2,10
2460,2470,1,5,10
2461,2462,3,1,1
2461,2462,5,4,1
2462,2463,7,0,1
2463,2464,5,1,1
2463,2465,4,5,2
2464,2466,7,0,2
2465,2466,3,1,1
2466,2468,5,2,2
2466,2467,4,2,1
2466,2467,3,4,1
2467,2468,5,5,1
2468,2469,6,0,1
2468,2470,0,3,2
2469,2472,7,1,3
2470,2476,0,2,6
2470,2479,8,2,9
2470,2472,0,4,2
2471,2472,8,0,1
2474,2475,6,7,1
2475,2480,4,2,5
2476,2477,8,0,1
2476,2477,4,3,1
2477,2478,6,1,1
2477,2479,5,8,2
2478,2479,3,0,1
2479,2480,3,2,1
2480,2483,5,1,3
2480,2481,4,1,1
2480,2491,0,2,11
2482,2483,6,4,1
2483,2484,8,0,1
2483,2485,5,3,2
2484,2485,9,0,1
2484,2485,3,6,1
2485,2486,2,2,1
2485,2486,5,1,1
2485,2486,3,5,1
2487,2489,1,0,2
2487,2488,6,4,1
2488,2489,7,7,1
2489,2490,4,0,1
2490,2497,3,1,7
2490,2491,2,1,1
2490,2501,6,1,11
2491,2493,5,2,2
2493,2494,6,0,1
2493,2494,7,6,1
2494,2496,2,1,2
2494,2495,4,5,1
2495,2499,6,1,4
2495,2496,3,2,1
2496,2497,9,2,1
2497,2498,1,0,1
2497,2498,9,2,1
2498,2499,4,1,1
2500,2506,2,3,6
2500,2501,3,0,1
2500,2510,7,2,10
2500,2501,5,0,1
2501,2502,5,2,1
2502,2503,4,2,1
2502,2504,5,0,2
2503,2504,8,3,1
2504,2505,2,0,1
2505,2513,9,0,8
2505,2506,4,0,1
2505,2506,5,4,1
2506,2508,5,3,2
2507,2508,7,1,1
2507,2508,4,1,1
2508,2509,6,2,1
2508,2509,5,1,1
2509,2510,7,1,1
2510,2512,6,3,2
2510,2511,4,1,1
2510,2519,2,7,9
2511,2514,4,0,3
2512,2513,3,2,1
2513,2516,5,2,3
2514,2516,6,0,2
2515,2519,2,1,4
2515,2516,3,1,1
2515,2517,3,5,2
2516,2517,5,2,1
2516,2517,3,0,1
2517,2518,6,2,1
2517,2518,5,2,1
2519,2520,8,1,1
2520,2526,0,2,6
2520,2529,9,3,9
2520,2521,3,0,1
2521,2522,6,1,1
2521,2523,4,0,2
2522,2523,9,2,1
2522,2523,6,4,1
2524,2525,4,0,1
2525,2527,4,0,2
2527,2528,0,0,1
2527,2528,8,1,1
2528,2529,5,0,1
2529,2530,5,1,1
2529,2530,2,4,1
2530,2536,5,1,6
2530,2531,6,2,1
2530,2538,5,5,8
2531,2533,9,2,2
2533,2534,0,4,1
2535,2536,8,1,1
2535,2536,6,3,1
2536,2543,4,2,7
2536,2537,6,0,1
2538,2539,3,1,1
2538,2539,1,1,1
2539,2540,6,4,1
2540,2541,8,0,1
2540,2541,5,1,1
2540,2549,1,3,9
2541,2542,6,1,1
2541,2542,3,1,1
2542,2543,4,0,1
2543,2544,3,0,1
2545,2547,2,2,2
2546,2547,6,0,1
2548,2549,4,0,1
2549,2550,8,2,1
2549,2552,5,1,3
2550,2555,0,0,5
2550,2551,4,0,1
2550,2559,8,2,9
2551,2552,1,0,1
2552,2553,7,1,1
2552,2554,3,5,2
2554,2555,3,0,1
2555,2556,4,2,1
2555,2556,1,2,1
2556,2557,5,1,1
2559,2560,3,0,1
2560,2567,9,1,7
2560,2568,4,4,8
2560,2561,6,5,1
2561,2562,6,1,1
2562,2563,2,0,1
2563,2564,8,0,1
2565,2566,1,1,1
2565,2566,7,3,1
2566,2567,8,0,1
2567,2569,5,2,2
2568,2569,3,2,1
2569,2570,1,6,1
2570,2576,4,2,6
2570,2579,5,1,9
2570,2571,5,1,1
2571,2572,9,0,1
2572,2573,7,2,1
2573,2574,6,0,1
2575,2583,2,2,8
2575,2576,8,0,1
2580,2587,6,2,7
2580,2589,3,3,9
2581,2582,5,1,1
2583,2585,0,0,2
2583,2585,5,4,2
2585,2590,5,1,5
2585,2586,7,1,1
2586,2587,9,0,1
2588,2589,6,0,1
2588,2589,7,1,1
2590,2597,2,1,7
2590,2599,5,1,9
2590,2592,1,6,2
2591,2592,7,0,1
2592,2594,3,1,2
2595,2603,7,2,8
2597,2598,3,0,1
2597,2598,1,2,1
2598,2600,6,2,2
2600,2606,8,2,6
2600,2601,8,1,1
2600,2611,2,4,11
2601,2602,3,1,1
2602,2603,4,1,1
2602,2603,6,0,1
2604,2605,4,0,1
2604,2607,8,2,3
2605,2608,0,1,3
2605,2606,4,0,1
2605,2606,4,4,1
2606,2607,5,2,1
2606,2608,7,1,2
2608,2609,6,5,1
2609,2610,2,1,1
2610,2616,4,1,6
2610,2611,2,0,1
2610,2619,7,1,9
2610,2612,4,4,2
2611,2612,5,2,1
2611,2612,5,0,1
2612,2613,8,0,1
2612,2614,8,2,2
2613,2614,6,1,1
2615,2620,7,3,5
2615,2616,3,2,1
2615,2618,4,1,3
2616,2617,3,0,1
2619,2620,7,0,1
2620,2624,4,1,4
2620,2630,7,4,10
2620,2621,5,0,1
2621,2622,2,3,1
2622,2623,4,0,1
2622,2624,8,3,2
2624,2625,4,2,1
2624,2625,8,4,1
2625,2630,1,1,5
2625,2626,2,2,1
2625,2627,7,2,2
2627,2628,4,0,1
2629,2630,8,3,1
2630,2632,7,3,2
2630,2640,3,4,10
2631,2632,1,0,1
2631,2632,3,1,1
2632,2633,1,0,1
2632,2633,3,0,1
2633,2634,0,2,1
2634,2635,2,0,1
2635,2637,8,0,2
2635,2636,4,1,1
2636,2637,6,0,1
2636,2637,6,3,1
2637,2638,8,1,1
2637,2638,8,1,1
2638,2639,4,4,1
2640,2643,6,0,3
2640,2641,3,1,1
2640,2651,3,1,11
2642,2643,6,2,1
2644,2645,7,2,1
2645,2648,5,2,3
2645,2646,5,0,1
2645,2647,3,2,2
2646,2648,5,3,2
2647,2648,6,1,1
2647,2648,4,1,1
2648,2649,5,2,1
2648,2649,7,2,1
2650,2658,6,1,8
2650,2660,3,0,10
2650,2651,3,2,1
2651,2652,0,0,1
2653,2654,5,1,1
2654,2655,5,1,1
2655,2662,4,2,7
2655,2656,2,0,1
2655,2656,8,4,1
2657,2658,1,1,1
2658,2659,3,0,1
2659,2661,2,1,2
2659,2660,6,2,1
2660,2667,9,2,7
2660,2661,6,0,1
2660,2669,3,2,9
2660,2662,4,6,2
2661,2664,5,0,3
2662,2663,3,4,1
2664,2665,6,2,1
2664,2665,3,3,1
2665,2671,5,2,6
2666,2668,1,1,2
2666,2668,4,2,2
2667,2668,4,2,1
2668,2669,0,5,1
2669,2670,0,3,1
2670,2676,8,1,6
2670,2671,1,1,1
2670,2680,8,0,10
2670,2671,5,1,1
2671,2672,6,2,1
2671,2672,4,3,1
2672,2674,6,4,2
2673,2675,7,2,2
2673,2674,6,6,1
2674,2675,8,0,1
2675,2679,2,2,4
2675,2677,0,3,2
2676,2679,7,4,3
2677,2678,5,1,1
2677,2679,5,0,2
2678,2679,0,0,1
2678,2680,7,2,2
2679,2680,4,1,1
2680,2685,2,3,5
2680,2688,6,5,8
2682,2683,3,0,1
2683,2685,1,1,2
2683,2684,5,3,1
2684,2687,9,1,3
2685,2688,0,2,3
2685,2686,0,0,1
2685,2686,3,0,1
2686,2688,4,4,2
2687,2688,5,2,1
2688,2690,6,5,2
2689,2691,9,4,2
2690,2694,7,2,4
2690,2699,4,0,9
2692,2694,6,5,2
2695,2700,4,2,5
2695,2696,2,0,1
2695,2696,4,0,1
2696,2697,7,0,1
2697,2698,2,0,1
2697,2699,5,0,2
2698,2699,3,0,1
2698,2699,8,2,1
2699,2700,4,3,1
2700,2709,7,1,9
2700,2708,5,4,8
2701,2702,4,1,1
2702,2703,3,0,1
2702,2704,6,4,2
2703,2704,7,1,1
2703,2704,6,0,1
2705,2710,6,0,5
2705,2707,5,0,2
2706,2707,4,0,1
2707,2708,4,4,1
2708,2709,1,0,1
2709,2710,1,0,1
2710,2713,5,1,3
2710,2719,4,5,9
2710,2711,3,0,1
2711,2712,8,4,1
2714,2715,5,3,1
2715,2718,0,4,3
2715,2716,4,2,1
2715,2716,6,0,1
2716,2717,4,1,1
2716,2717,3,3,1
2717,2719,0,0,2
2719,2720,5,5,1
2720,2726,7,2,6
2720,2729,2,7,9
2721,2722,4,1,1
2721,2723,8,2,2
2722,2723,7,0,1
2723,2724,5,1,1
2725,2729,8,2,4
2725,2726,0,1,1
2727,2728,9,0,1
2727,2729,8,1,2
2729,2730,3,3,1
2730,2731,5,1,1
2730,2739,5,3,9
2730,2731,1,3,1
2731,2738,7,0,7
2731,2732,5,0,1
2731,2733,9,0,2
2732,2733,9,0,1
2732,2733,5,0,1
2733,2734,3,4,1
2734,2736,5,0,2
2735,2737,3,3,2
2735,2736,2,2,1
2739,2741,6,0,2
2739,2741,5,1,2
2740,2742,6,3,2
2740,2741,1,1,1
2740,2749,6,0,9
2741,2742,9,2,1
2741,2742,4,3,1
2742,2743,5,0,1
2745,2748,5,1,3
2745,2746,5,2,1
2746,2747,5,2,1
2747,2749,7,3,2
2748,2749,9,0,1
2749,2750,1,1,1
2750,2755,0,3,5
2750,2751,2,0,1
2750,2760,6,3,10
2751,2752,0,0,1
2752,2754,4,0,2
2753,2754,7,0,1
2754,2755,4,3,1
2755,2760,1,0,5
2757,2758,4,0,1
2757,2758,5,4,1
2760,2762,3,2,2
2760,2770,3,2,10
2763,2765,4,0,2
2765,2771,4,3,6
2765,2766,7,5,1
2766,2767,6,0,1
2767,2768,8,0,1
2767,2769,3,1,2
2768,2769,6,0,1
2768,2769,3,3,1
2769,2770,2,5,1
2770,2771,3,0,1
2770,2780,8,2,10
2770,2772,7,6,2
2771,2779,0,0,8
2771,2772,6,0,1
2771,2773,2,3,2
2773,2774,8,1,1
2773,2775,0,3,2
2774,2775,2,0,1
2774,2777,1,1,3
2775,2782,7,2,7
2776,2778,6,2,2
2777,2778,1,0,1
2778,2779,5,3,1
2780,2788,9,2,8
2780,2781,5,1,1
2780,2790,7,4,10
2781,2783,5,3,2
2783,2784,5,1,1
2783,2784,1,6,1
2785,2788,2,2,3
2786,2787,4,0,1
2787,2788,3,1,1
2787,2788,2,2,1
2789,2790,2,0,1
2790,2797,4,2,7
2790,2791,7,0,1
2790,2800,9,0,10
2791,2792,6,5,1
2793,2796,4,5,3
2795,2797,7,0,2
2796,2798,5,0,2
2796,2797,4,0,1
2798,2799,6,1,1
2799,2800,8,0,1
2800,2804,5,0,4
2800,2810,0,0,10
2800,2801,2,0,1
2803,2804,5,3,1
2804,2806,3,2,2
2805,2813,6,0,8
2806,2807,3,0,1
2808,2809,0,0,1
2809,2811,7,3,2
2810,2811,5,0,1
2810,2821,7,2,11
2811,2817,7,3,6
2811,2812,5,2,1
2812,2813,2,5,1
2813,2814,8,1,1
2814,2815,6,1,1
2815,2822,5,1,7
2815,2816,2,2,1
2816,2817,3,0,1
2816,2817,3,1,1
2817,2818,6,0,1
2817,2819,3,0,2
2818,2819,8,4,1
2819,2820,8,2,1
2820,2824,3,0,4
2820,2828,7,4,8
2820,2821,4,4,1
2824,2826,3,3,2
2825,2830,4,1,5
2825,2826,8,0,1
2825,2826,4,1,1
2826,2827,4,0,1
2826,2827,6,3,1
2827,2828,1,5,1
2828,2829,7,1,1
2829,2830,7,0,1
2830,2834,6,3,4
2830,2839,2,5,9
2830,2831,8,3,1
2831,2832,3,2,1
2831,2833,4,3,2
2832,2834,6,4,2
2833,2834,5,2,1
2834,2835,7,0,1
2835,2837,5,1,2
2835,2836,3,1,1
2835,2836,8,0,1
2836,2837,6,0,1
2836,2838,6,2,2
2838,2839,6,2,1
2840,2848,4,0,8
2840,2841,2,2,1
2840,2850,2,1,10
2840,2841,0,1,1
2841,2842,3,0,1
2842,2843,7,1,1
2843,2844,4,1,1
2844,2846,6,0,2
2844,2845,2,1,1
2845,2847,7,2,2
2845,2846,7,4,1
2846,2849,6,3,3
2846,2847,5,1,1
2846,2847,5,1,1
2847,2848,3,3,1
2849,2850,7,0,1
2849,2850,4,4,1
2850,2853,2,2,3
2850,2851,7,0,1
2850,2860,3,4,10
2850,2852,4,1,2
2853,2854,7,1,1
2853,2854,4,4,1
2855,2862,0,0,7
2855,2856,5,1,1
2858,2860,9,2,2
2860,2863,2,1,3
2860,2861,4,0,1
2860,2869,6,3,9
2861,2862,6,4,1
2862,2863,8,1,1
2863,2864,8,3,1
2864,2865,3,2,1
2865,2873,8,2,8
2865,2866,6,0,1
2865,2867,4,2,2
2866,2868,5,4,2
2867,2868,0,0,1
2867,2868,4,6,1
2869,2870,5,0,1
2870,2875,7,1,5
2870,2879,5,5,9
2872,2873,3,3,1
2873,2874,4,1,1
2874,2875,7,1,1
2874,2876,5,5,2
2875,2878,3,2,3
2876,2877,0,5,1
2877,2878,4,1,1
2878,2879,5,2,1
2878,2879,2,2,1
2879,2880,3,0,1
2879,2880,8,1,1
2880,2889,6,1,9
2880,2881,6,0,1
2880,2889,2,2,9
2880,2882,4,3,2
2881,2882,4,1,1
2881,2882,4,4,1
2882,2883,5,0,1
2882,2883,0,4,1
2884,2885,0,0,1
2885,2888,3,1,3
2885,2886,4,5,1
2887,2890,5,4,3
2888,2889,3,4,1
2889,2890,0,3,1
2890,2898,3,2,8
2890,2891,5,0,1
2890,2900,3,2,10
2890,2892,7,4,2
2892,2894,5,0,2
2892,2894,5,2,2
2894,2896,8,3,2
2895,2897,3,1,2
2895,2896,0,0,1
2897,2899,5,2,2
2898,2899,4,2,1
2899,2900,3,1,1
2900,2904,3,0,4
2900,2901,4,0,1
2900,2911,5,5,11
2900,2901,6,0,1
2902,2903,7,0,1
2903,2904,5,3,1
2904,2905,9,0,1
2905,2906,7,1,1
2905,2906,9,1,1
2905,2906,5,3,1
2906,2907,6,0,1
2907,2908,2,2,1
2910,2913,9,2,3
2910,2919,4,3,9
2910,2912,2,2,2
2913,2914,1,1,1
2915,2922,4,1,7
2915,2916,5,0,1
2915,2918,6,0,3
2918,2919,5,1,1
2920,2923,4,2,3
2920,2930,6,0,10
2920,2922,8,3,2
2923,2924,4,0,1
2923,2926,5,1,3
2924,2925,3,1,1
2925,2932,7,2,7
2925,2926,4,0,1
2926,2927,9,0,1
2926,2931,5,3,5
2927,2928,4,6,1
2929,2930,3,2,1
2929,2931,2,0,2
2930,2939,3,6,9
2931,2933,3,1,2
2931,2932,6,1,1
2932,2933,5,0,1
2932,2933,2,2,1
2935,2941,3,1,6
2935,2936,4,0,1
2935,2936,7,0,1
2936,2938,7,6,2
2937,2938,3,4,1
2939,2940,1,0,1
2939,2940,5,0,1
2940,2944,4,2,4
2940,2941,1,0,1
2940,2950,0,6,10
2940,2941,7,2,1
2941,2942,9,1,1
2942,2943,8,0,1
2943,2944,4,2,1
2943,2944,4,8,1
2944,2945,4,0,1
2944,2945,4,3,1
2945,2948,3,3,3
2945,2947,1,3,2
2946,2947,5,3,1
2947,2948,6,4,1
2948,2949,7,1,1
2949,2950,6,0,1
2949,2950,7,3,1
2950,2956,6,3,6
2950,2951,4,0,1
2950,2959,7,2,9
2951,2952,3,2,1
2951,2953,2,4,2
2952,2953,5,0,1
2953,2954,4,0,1
2953,2954,0,5,1
2954,2957,4,4,3
2955,2959,3,0,4
2956,2957,5,1,1
2957,2958,5,0,1
2957,2959,6,0,2
2958,2959,7,1,1
2959,2961,3,4,2
2960,2965,4,2,5
2960,2961,3,1,1
2960,2968,8,2,8
2960,2961,0,6,1
2961,2962,5,5,1
2962,2965,7,1,3
2963,2965,4,2,2
2965,2968,3,0,3
2965,2966,8,1,1
2966,2967,3,1,1
2966,2967,7,0,1
2967,2969,9,3,2
2968,2969,0,0,1
2968,2969,1,5,1
2969,2970,6,3,1
2970,2972,3,3,2
2970,2980,6,0,10
2972,2975,5,6,3
2973,2974,3,0,1
2973,2974,7,0,1
2975,2977,0,2,2
2978,2979,3,1,1
2978,2979,2,4,1
2980,2982,9,3,2
2980,2981,5,0,1
2980,2990,5,1,10
2980,2981,2,3,1
2981,2982,4,0,1
2981,2982,4,2,1
2982,2983,5,0,1
2982,2983,4,4,1
2983,2984,6,0,1
2984,2987,1,3,3
2985,2990,2,1,5
2986,2987,4,0,1
2987,2988,6,1,1
2987,2988,9,0,1
2988,2989,8,1,1
2989,2990,1,0,1
2989,2991,3,1,2
2990,2991,4,2,1
2990,2991,4,0,1
2990,2998,1,3,8
2991,2992,1,1,1
2991,2992,5,2,1
2992,2993,3,0,1
2992,2993,5,0,1
2993,2995,9,1,2
2993,2995,5,1,2
2994,2995,7,1,1
2994,2995,8,0,1
2995,3001,1,0,6
2995,2996,5,1,1
2996,2997,3,0,1
2996,2997,1,2,1
2997,2998,3,1,1
2998,3000,4,1,2
3000,3005,7,1,5
3000,3001,4,0,1
3000,3012,4,4,12
3000,3001,5,1,1
3002,3003,7,0,1
3003,3004,5,2,1
3003,3004,3,7,1
3004,3005,0,0,1
3004,3005,7,6,1
3005,3006,2,1,1
3006,3007,3,1,1
3006,3007,3,3,1
3007,3008,3,2,1
3008,3009,5,0,1
3009,3010,7,0,1
3009,3010,7,1,1
3010,3016,4,2,6
3010,3011,4,2,1
3010,3018,2,4,8
3011,3012,6,0,1
3011,3012,8,2,1
3012,3013,4,0,1
3014,3018,4,2,4
3015,3016,2,0,1
3016,3018,7,1,2
3016,3017,9,6,1
3017,3019,7,1,2
3018,3020,1,2,2
3019,3020,3,1,1
3020,3024,3,1,4
3020,3029,9,6,9
3021,3022,4,0,1
3022,3023,7,0,1
3022,3024,4,2,2
3024,3025,0,1,1
3025,3035,5,2,10
3025,3026,4,1,1
3025,3026,5,3,1
3026,3027,9,0,1
3026,3027,4,0,1
3027,3028,7,0,1
3029,3030,8,3,1
3030,3035,6,2,5
3030,3031,6,2,1
3030,3040,5,1,10
3030,3032,5,5,2
3031,3033,5,2,2
3032,3033,2,0,1
3032,3034,6,0,2
3034,3035,5,0,1
3035,3037,4,2,2
3035,3036,1,4,1
3036,3037,8,0,1
3036,3038,5,2,2
3037,3039,4,4,2
3039,3040,7,3,1
3040,3045,3,2,5
3040,3041,2,0,1
3040,3050,4,2,10
3040,3041,5,1,1
3041,3042,3,1,1
3042,3043,4,0,1
3045,3051,4,0,6
3047,3048,5,1,1
3048,3049,2,3,1
3049,3050,4,2,1
3050,3056,8,0,6
3050,3060,5,2,10
3050,3051,5,3,1
3051,3052,4,1,1
3052,3053,4,1,1
3052,3055,1,3,3
3053,3054,6,0,1
3054,3055,2,0,1
3055,3059,6,0,4
3057,3060,5,2,3
3060,3063,9,1,3
3060,3061,4,0,1
3060,3069,7,2,9
3060,3061,7,5,1
3061,3063,3,2,2
3062,3064,3,0,2
3062,3063,8,5,1
3063,3066,6,1,3
3064,3065,1,0,1
3064,3065,8,7,1
3065,3069,6,2,4
3065,3066,0,0,1
3066,3067,7,0,1
3067,3068,5,0,1
3067,3068,4,1,1
3068,3069,5,1,1
3068,3069,4,2,1
3070,3077,2,0,7
3070,3081,9,6,11
3072,3073,7,0,1
3073,3074,3,0,1
3073,3074,2,1,1
3074,3075,4,1,1
3074,3075,5,2,1
3075,3082,4,2,7
3075,3076,2,0,1
3076,3077,2,0,1
3076,3078,6,0,2
3077,3078,0,2,1
3077,3078,3,0,1
3078,3079,2,1,1
3078,3080,4,4,2
3080,3084,4,2,4
3080,3081,2,2,1
3080,3091,6,1,11
3081,3082,1,3,1
3083,3084,4,7,1
3084,3085,9,5,1
3085,3089,5,1,4
3086,3087,5,0,1
3087,3088,3,3,1
3088,3089,7,0,1
3089,3091,4,0,2
3090,3095,3,1,5
3090,3092,0,1,2
3090,3099,3,3,9
3092,3094,6,0,2
3093,3094,9,0,1
3094,3095,2,1,1
3094,3095,2,3,1
3095,3099,3,2,4
3095,3096,9,0,1
3095,3096,1,2,1
3096,3097,2,0,1
3097,3098,5,2,1
3098,3100,8,2,2
3099,3101,1,4,2
3100,3101,2,2,1
3100,3101,4,1,1
3100,3108,6,5,8
3101,3102,3,1,1
3102,3103,5,1,1
3103,3104,9,2,1
3103,3106,9,2,3
3104,3105,7,1,1
3105,3110,2,1,5
3105,3106,6,1,1
3107,3108,7,0,1
3108,3109,1,0,1
3109,3110,6,0,1
3110,3113,2,4,3
3110,3111,6,1,1
3110,3120,4,1,10
3110,3113,6,5,3
3111,3112,7,0,1
3111,3112,9,4,1
3112,3113,3,1,1
3112,3113,9,0,1
3113,3114,8,0,1
3115,3116,4,2,1
3116,3117,0,0,1
3117,3118,7,2,1
3119,3121,7,0,2
3119,3120,2,3,1
3120,3123,6,1,3
3120,3121,4,0,1
3120,3130,8,2,10
3120,3121,3,4,1
3121,3122,6,1,1
3122,3123,5,5,1
3123,3124,4,0,1
3123,3124,4,0,1
3124,3126,2,5,2
3125,3126,6,3,1
3126,3131,5,0,5
3127,3129,3,4,2
3129,3130,9,4,1
3130,3134,2,2,4
3130,3141,8,1,11
3130,3131,6,5,1
3132,3133,6,4,1
3133,3134,6,3,1
3134,3137,3,4,3
3135,3137,4,3,2
3136,3137,3,2,1
3137,3138,3,5,1
3139,3140,6,1,1
3140,3145,6,3,5
3140,3141,4,0,1
3140,3151,6,3,11
3141,3142,6,0,1
3143,3144,1,3,1
3144,3145,5,1,1
3144,3145,6,4,1
3145,3150,5,1,5
3145,3146,1,1,1
3145,3146,7,2,1
3146,3147,7,3,1
3147,3148,8,4,1
3148,3149,4,1,1
3149,3150,2,4,1
3150,3157,6,2,7
3150,3151,3,2,1
3150,3158,9,2,8
3151,3152,3,1,1
3151,3152,4,1,1
3152,3153,1,0,1
3152,3153,5,1,1
3153,3154,6,1,1
3153,3154,3,1,1
3154,3155,2,1,1
3154,3155,9,2,1
3155,3158,7,2,3
3155,3156,6,0,1
3156,3157,4,1,1
3156,3157,6,2,1
3158,3159,0,3,1
3160,3165,4,2,5
3160,3161,7,2,1
3160,3170,3,5,10
3161,3163,1,1,2
3162,3163,5,0,1
3162,3163,8,0,1
3163,3164,4,2,1
3163,3165,3,1,2
3165,3170,5,2,5
3165,3166,3,5,1
3167,3168,5,2,1
3168,3169,4,0,1
3169,3170,4,0,1
3170,3175,2,0,5
3170,3171,2,1,1
3170,3181,3,0,11
3171,3172,5,0,1
3172,3173,4,2,1
3173,3174,6,4,1
3174,3175,3,0,1
3175,3176,6,4,1
3176,3180,1,1,4
3176,3177,7,1,1
3177,3178,4,0,1
3180,3184,4,1,4
3180,3190,5,5,10
3180,3181,6,1,1
3181,3182,2,1,1
3181,3184,7,0,3
3182,3183,4,3,1
3183,3184,3,0,1
3184,3185,7,0,1
3185,3188,5,1,3
3185,3187,7,3,2
3186,3187,3,1,1
3186,3187,7,5,1
3187,3188,6,0,1
3187,3189,3,2,2
3188,3189,6,1,1
3189,3190,3,1,1
3190,3193,5,0,3
3190,3199,5,2,9
3190,3191,5,1,1
3191,3192,1,0,1
3191,3192,8,1,1
3192,3193,3,1,1
3193,3195,3,0,2
3195,3199,5,3,4
3195,3197,5,3,2
3196,3197,3,5,1
3197,3198,2,1,1
3198,3199,9,1,1
3200,3207,6,1,7
3200,3212,1,3,12
3200,3201,8,3,1
3203,3204,6,3,1
3205,3211,8,2,6
3206,3207,9,0,1
3207,3208,2,1,1
3207,3209,6,3,2
3208,3209,4,2,1
3208,3209,6,4,1
3210,3211,5,2,1
3210,3219,8,4,9
3211,3218,6,1,7
3211,3212,4,0,1
3213,3214,3,0,1
3213,3214,4,3,1
3214,3215,1,0,1
3215,3220,7,0,5
3215,3216,2,0,1
3218,3219,4,4,1
3220,3223,0,3,3
3220,3221,4,2,1
3220,3230,6,2,10
3221,3222,3,1,1
3222,3224,4,0,2
3224,3225,9,1,1
3225,3229,2,1,4
3225,3226,5,0,1
3225,3226,1,2,1
3227,3228,1,1,1
3227,3229,7,7,2
3229,3230,2,0,1
3229,3230,7,2,1
3230,3238,0,1,8
3230,3236,6,3,6
3231,3232,9,0,1
3232,3233,3,0,1
3232,3233,6,5,1
3233,3234,2,0,1
3234,3235,8,0,1
3235,3241,3,2,6
3235,3236,4,0,1
3235,3236,3,3,1
3236,3237,6,5,1
3238,3239,6,1,1
3240,3242,4,2,2
3240,3249,1,3,9
3242,3243,6,0,1
3242,3243,4,4,1
3243,3244,8,5,1
3244,3245,7,1,1
3245,3253,5,1,8
3245,3249,6,0,4
3247,3248,6,2,1
3248,3250,4,0,2
3250,3253,1,1,3
3250,3251,7,0,1
3250,3260,3,3,10
3251,3252,5,4,1
3252,3253,3,0,1
3253,3254,6,1,1
3255,3257,2,2,2
3255,3257,6,2,2
3257,3258,7,1,1
3257,3258,3,2,1
3260,3264,4,1,4
3260,3270,1,3,10
3261,3262,5,1,1
3262,3265,4,3,3
3263,3264,3,0,1
3263,3265,9,4,2
3264,3265,3,5,1
3265,3268,2,1,3
3265,3266,2,3,1
3267,3268,5,2,1
3267,3269,5,0,2
3268,3270,0,6,2
3269,3270,3,1,1
3270,3276,5,1,6
3270,3279,5,1,9
3270,3271,5,2,1
3272,3273,5,1,1
3272,3273,6,0,1
3273,3274,3,4,1
3275,3279,6,2,4
3275,3276,5,0,1
3275,3276,5,1,1
3276,3277,4,0,1
3279,3280,4,0,1
3280,3282,5,2,2
3280,3289,2,0,9
3281,3284,4,2,3
3282,3283,4,0,1
3283,3284,8,4,1
3284,3285,2,4,1
3285,3294,2,3,9
3285,3286,5,0,1
3285,3287,3,2,2
3286,3287,1,1,1
3286,3287,3,2,1
3287,3288,3,1,1
3287,3288,4,2,1
3288,3289,4,4,1
3290,3295,0,1,5
3290,3299,2,0,9
3290,3292,5,3,2
3291,3292,2,1,1
3293,3294,3,1,1
3293,3295,8,3,2
3294,3295,1,1,1
3295,3300,7,1,5
3295,3296,5,1,1
3295,3297,5,0,2
3296,3297,3,0,1
3296,3297,9,0,1
3298,3299,2,2,1
3298,3299,2,4,1
3300,3306,2,1,6
3300,3310,6,0,10
3300,3301,3,4,1
3301,3302,1,2,1
3303,3304,7,0,1
3305,3308,6,0,3
3305,3306,4,2,1
3306,3307,9,1,1
3307,3308,0,0,1
3307,3309,0,5,2
3309,3310,4,0,1
3309,3312,5,3,3
3310,3315,5,1,5
3310,3311,6,2,1
3310,3318,3,2,8
3310,3311,2,1,1
3311,3312,2,1,1
3312,3313,3,2,1
3313,3314,5,1,1
3314,3315,8,4,1
3315,3321,7,3,6
3315,3316,6,0,1
3316,3317,7,1,1
3316,3318,1,4,2
3317,3318,6,1,1
3317,3318,0,4,1
3318,3320,5,0,2
3318,3319,5,1,1
3319,3320,2,0,1
3320,3323,3,3,3
3320,3331,4,1,11
3321,3322,6,0,1
3322,3323,5,1,1
3323,3324,8,1,1
3324,3325,6,1,1
3325,3330,7,1,5
3325,3326,3,0,1
3325,3326,5,0,1
3326,3327,7,0,1
3327,3328,8,0,1
3327,3328,8,2,1
3328,3329,8,0,1
3329,3330,0,0,1
3329,3331,1,3,2
3330,3331,6,1,1
3330,3331,7,1,1
3330,3340,4,2,10
3331,3332,5,1,1
3334,3336,7,0,2
3335,3341,6,2,6
3335,3336,4,4,1
3336,3337,6,5,1
3337,3338,4,0,1
3337,3338,9,0,1
3338,3339,3,1,1
3338,3339,5,5,1
3339,3340,7,1,1
3339,3340,5,1,1
3340,3342,6,2,2
3340,3349,5,1,9
3340,3341,4,3,1
3342,3343,7,7,1
3343,3344,6,0,1
3343,3345,6,4,2
3344,3345,3,0,1
3344,3345,7,3,1
3345,3348,9,3,3
3347,3348,5,3,1
3348,3349,1,0,1
3349,3350,5,0,1
3350,3357,4,2,7
3350,3351,7,2,1
3350,3360,7,1,10
3350,3352,7,4,2
3351,3352,4,0,1
3353,3354,4,1,1
3353,3354,7,6,1
3354,3355,5,5,1
3355,3364,4,2,9
3355,3356,7,0,1
3356,3358,4,2,2
3357,3358,6,0,1
3358,3359,6,1,1
3358,3359,1,3,1
3360,3368,8,2,8
3360,3362,2,1,2
3360,3369,8,3,9
3360,3361,6,4,1
3361,3362,9,1,1
3362,3363,8,1,1
3362,3363,4,0,1
3363,3364,3,0,1
3363,3365,5,5,2
3364,3365,3,0,1
3364,3366,1,1,2
3365,3370,5,1,5
3366,3367,2,0,1
3366,3367,5,0,1
3367,3368,3,4,1
3368,3369,3,2,1
3368,3369,5,1,1
3369,3370,5,1,1
3370,3377,1,2,7
3370,3381,5,4,11
3371,3372,1,0,1
3372,3373,3,1,1
3373,3375,4,1,2
3374,3375,5,0,1
3374,3375,9,2,1
3375,3380,0,2,5
3375,3376,4,1,1
3376,3377,4,4,1
3377,3378,5,0,1
3377,3379,6,4,2
3378,3379,2,0,1
3379,3382,3,0,3
3379,3381,1,0,2
3380,3383,6,2,3
3380,3381,6,1,1
3380,3391,2,6,11
3382,3383,5,0,1
3383,3384,1,0,1
3385,3391,8,0,6
3385,3386,6,0,1
3388,3389,9,4,1
3389,3390,5,1,1
3390,3393,3,2,3
3390,3401,5,3,11
3390,3392,6,5,2
3392,3393,4,1,1
3392,3393,5,0,1
3393,3395,6,3,2
3394,3395,4,3,1
3395,3402,3,0,7
3395,3396,3,0,1
3395,3397,5,2,2
3396,3397,2,1,1
3396,3399,7,3,3
3397,3398,3,0,1
3397,3398,2,2,1
3398,3399,6,0,1
3398,3399,8,3,1
3399,3400,4,1,1
3400,3405,6,1,5
3400,3410,2,2,10
3400,3402,2,4,2
3401,3402,1,0,1
3403,3404,0,1,1
3404,3405,4,0,1
3405,3408,9,0,3
3405,3407,5,1,2
3407,3408,7,4,1
3408,3410,3,1,2
3408,3409,3,3,1
3409,3410,6,0,1
3409,3410,8,5,1
3410,3415,3,1,5
3410,3419,3,4,9
3411,3412,5,0,1
3412,3413,2,5,1
3414,3415,0,0,1
3415,3419,5,2,4
3415,3416,4,2,1
3415,3416,3,0,1
3416,3417,3,3,1
3416,3417,6,2,1
3417,3418,0,1,1
3417,3419,6,0,2
3418,3419,1,1,1
3418,3420,2,2,2
3419,3421,5,1,2
3419,3421,0,4,2
3420,3423,4,2,3
3420,3421,5,0,1
3420,3429,2,7,9
3422,3423,6,0,1
3422,3423,4,1,1
3424,3425,7,2,1
3424,3425,7,1,1
3425,3429,4,3,4
3425,3427,6,0,2
3426,3427,1,3,1
3427,3428,5,0,1
3427,3428,3,3,1
3428,3429,4,0,1
3428,3430,5,3,2
3430,3434,5,3,4
3430,3439,4,0,9
3431,3432,8,2,1
3433,3434,5,5,1
3435,3437,3,3,2
3435,3436,3,4,1
3436,3437,2,1,1
3437,3438,6,5,1
3438,3439,3,1,1
3439,3440,6,0,1
3440,3443,6,3,3
3440,3449,3,2,9
3442,3443,3,6,1
3443,3444,2,1,1
3445,3449,6,2,4
3445,3446,5,1,1
3446,3447,2,1,1
3447,3448,6,4,1
3447,3448,5,0,1
3448,3449,5,0,1
3448,3450,3,3,2
3449,3450,6,1,1
3449,3450,6,3,1
3450,3454,5,3,4
3450,3451,9,0,1
3450,3460,0,6,10
3451,3452,4,2,1
3452,3453,6,0,1
3452,3453,4,1,1
3454,3455,4,2,1
3455,3458,5,4,3
3455,3456,5,0,1
3455,3457,6,5,2
3456,3457,0,0,1
3457,3458,3,1,1
3457,3458,6,0,1
3459,3461,4,1,2
3460,3468,5,0,8
3461,3471,7,1,10
3461,3462,8,2,1
3462,3463,3,1,1
3462,3464,6,4,2
3465,3469,6,3,4
3465,3466,5,0,1
3465,3466,4,4,1
3466,3467,9,1,1
3467,3468,6,6,1
3468,3469,2,2,1
3469,3470,6,0,1
3469,3472,4,0,3
3470,3474,5,1,4
3470,3480,6,5,10
3471,3472,3,0,1
3471,3472,7,2,1
3473,3474,2,2,1
3474,3475,4,0,1
3474,3475,1,3,1
3475,3478,2,0,3
3475,3476,5,1,1
3476,3477,6,2,1
3476,3478,5,3,2
3477,3479,8,4,2
3478,3479,4,0,1
3479,3480,2,0,1
3479,3481,7,0,2
3480,3485,6,2,5
3480,3481,8,0,1
3480,3489,4,7,9
3480,3481,6,0,1
3481,3482,4,1,1
3482,3483,3,0,1
3482,3483,6,0,1
3483,3484,2,0,1
3483,3485,4,5,2
3484,3485,0,2,1
3484,3486,3,0,2
3485,3489,5,5,4
3485,3486,8,0,1
3485,3486,1,2,1
3486,3487,6,0,1
3487,3488,5,4,1
3488,3490,2,2,2
3488,3490,0,4,2
3489,3490,4,2,1
3490,3493,8,2,3
3490,3499,6,5,9
3490,3491,4,2,1
3491,3492,6,0,1
3493,3494,9,1,1
3493,3495,3,5,2
3494,3495,5,2,1
3495,3501,4,3,6
3497,3498,3,3,1
3499,3500,6,2,1
3500,3505,3,3,5
3500,3501,6,1,1
3500,3507,3,0,7
3500,3502,0,1,2
3501,3502,3,0,1
3501,3502,7,2,1
3502,3503,6,2,1
3504,3505,5,1,1
3505,3510,4,1,5
3506,3507,1,1,1
3507,3508,7,0,1
3510,3515,3,3,5
3510,3522,0,0,12
3511,3513,6,4,2
3512,3513,6,0,1
3514,3515,6,0,1
3515,3520,7,2,5
3515,3516,4,4,1
3516,3517,6,0,1
3517,3518,5,0,1
3517,3519,8,0,2
3519,3521,2,0,2
3519,3520,4,7,1
3520,3527,5,1,7
3520,3528,6,1,8
3521,3522,2,0,1
3522,3523,2,0,1
3523,3525,4,0,2
3523,3524,4,8,1
3524,3525,5,1,1
3524,3525,0,1,1
3525,3529,7,2,4
3525,3526,2,1,1
3525,3528,9,5,3
3526,3527,5,4,1
3527,3528,2,2,1
3527,3529,4,2,2
3528,3529,4,2,1
3529,3530,4,0,1
3529,3530,5,3,1
3530,3534,5,3,4
3530,3531,7,0,1
3530,3539,9,2,9
3530,3531,3,2,1
3532,3533,4,1,1
3535,3544,8,1,9
3536,3537,1,0,1
3537,3539,2,1,2
3539,3540,0,0,1
3539,3541,3,1,2
3540,3544,4,2,4
3540,3549,5,2,9
3540,3542,2,5,2
3541,3542,7,0,1
3543,3544,4,0,1
3543,3545,1,2,2
3544,3545,3,2,1
3545,3549,1,3,4
3545,3548,5,1,3
3547,3548,6,0,1
3547,3549,5,1,2
3548,3549,3,2,1
3549,3550,6,1,1
3550,3554,3,3,4
3550,3562,3,5,12
3550,3551,4,2,1
3551,3553,6,3,2
3552,3553,7,1,1
3553,3554,7,6,1
3554,3555,1,1,1
3554,3555,2,3,1
3555,3558,4,0,3
3555,3556,6,1,1
3556,3558,4,0,2
3557,3558,5,0,1
3558,3559,2,0,1
3558,3559,2,3,1
3560,3569,5,1,9
3560,3569,3,4,9
3560,3563,8,4,3
3563,3564,8,0,1
3565,3568,4,1,3
3565,3567,6,2,2
3565,3567,0,4,2
3566,3567,3,1,1
3568,3569,5,0,1
3570,3573,5,0,3
3570,3571,5,1,1
3570,3578,2,5,8
3571,3572,7,2,1
3572,3573,4,2,1
3572,3573,3,3,1
3573,3574,5,1,1
3574,3576,7,0,2
3575,3578,4,0,3
3575,3576,8,1,1
3575,3576,6,3,1
3577,3578,3,1,1
3579,3580,6,1,1
3579,3580,6,4,1
3580,3588,2,2,8
3580,3591,5,6,11
3582,3583,5,1,1
3584,3585,4,0,1
3585,3589,3,1,4
3585,3586,0,1,1
3586,3587,8,1,1
3587,3588,1,2,1
3588,3589,0,1,1
3588,3590,2,2,2
3589,3590,5,3,1
3589,3591,5,3,2
3590,3591,3,1,1
3590,3599,6,3,9
3590,3592,9,1,2
3591,3596,6,3,5
3591,3593,6,2,2
3593,3594,5,1,1
3593,3594,6,3,1
3594,3595,4,2,1
3594,3595,5,0,1
3595,3598,6,2,3
3596,3598,4,0,2
3598,3599,5,1,1
3599,3600,8,1,1
3600,3605,3,1,5
3600,3609,7,3,9
3600,3601,6,1,1
3601,3602,5,6,1
3602,3603,3,0,1
3604,3605,7,0,1
3605,3609,5,3,4
3605,3606,8,2,1
3607,3608,3,0,1
3608,3610,5,6,2
3610,3613,1,2,3
3610,3619,5,2,9
3610,3611,7,4,1
3611,3612,4,7,1
3612,3613,1,1,1
3613,3614,5,0,1
3613,3614,0,3,1
3614,3615,4,1,1
3614,3615,4,5,1
3615,3624,3,1,9
3615,3616,5,1,1
3617,3618,2,3,1
3618,3619,4,0,1
3619,3620,3,0,1
3619,3620,7,2,1
3620,3621,5,0,1
3620,3630,9,2,10
3620,3622,2,2,2
3621,3622,5,3,1
3624,3625,5,0,1
3625,3630,3,1,5
3625,3626,7,5,1
3627,3628,3,1,1
3627,3629,5,1,2
3628,3629,2,0,1
3629,3630,6,0,1
3630,3632,8,2,2
3630,3638,2,1,8
3631,3633,3,5,2
3633,3634,8,0,1
3634,3635,0,0,1
3634,3635,4,1,1
3635,3637,6,0,2
3635,3636,5,0,1
3636,3637,1,1,1
3638,3639,4,0,1
3638,3639,2,6,1
3639,3640,2,3,1
3640,3644,2,2,4
3640,3650,3,4,10
3640,3641,4,6,1
3641,3642,3,1,1
3642,3643,3,1,1
3643,3645,2,1,2
3644,3645,8,0,1
3644,3645,2,3,1
3645,3649,5,2,4
3647,3648,2,0,1
3648,3649,3,1,1
3649,3650,6,0,1
3649,3650,4,3,1
3650,3657,9,1,7
3650,3660,5,3,10
3650,3651,7,2,1
3651,3653,5,2,2
3651,3654,7,7,3
3652,3653,5,1,1
3652,3653,7,2,1
3655,3663,5,1,8
3655,3656,6,2,1
3659,3660,3,0,1
3659,3661,7,2,2
3660,3668,7,2,8
3660,3661,1,0,1
3660,3669,1,2,9
3661,3662,1,2,1
3661,3662,2,3,1
3662,3664,0,4,2
3663,3664,1,0,1
3664,3665,6,0,1
3664,3666,2,3,2
3665,3669,4,1,4
3665,3666,8,1,1
3666,3667,0,1,1
3666,3667,6,3,1
3667,3668,3,2,1
3667,3668,3,4,1
3668,3669,4,0,1
3669,3670,4,3,1
3669,3670,3,3,1
3670,3677,9,1,7
3670,3671,8,1,1
3670,3681,5,2,11
3670,3671,3,3,1
3671,3673,6,2,2
3672,3673,8,1,1
3673,3674,5,0,1
3673,3674,3,0,1
3674,3675,9,1,1
3674,3675,7,3,1
3675,3681,9,2,6
3676,3679,7,2,3
3677,3678,8,0,1
3677,3679,4,2,2
3679,3680,1,6,1
3680,3686,0,1,6
3680,3681,2,1,1
3680,3688,6,4,8
3681,3682,3,3,1
3682,3683,2,0,1
3683,3684,4,3,1
3684,3685,3,0,1
3684,3685,2,3,1
3685,3689,7,2,4
3685,3686,1,7,1
3686,3687,9,2,1
3687,3688,4,1,1
3688,3690,9,0,2
3690,3696,7,1,6
3690,3691,8,1,1
3690,3701,7,4,11
3690,3692,6,5,2
3691,3692,8,0,1
3692,3693,7,1,1
3694,3695,3,2,1
3695,3698,6,2,3
3695,3696,4,3,1
3696,3697,5,5,1
3697,3698,8,2,1
3697,3698,7,7,1
3698,3699,0,1,1
3698,3699,3,5,1
3700,3706,5,0,6
3700,3701,4,0,1
3700,3710,4,0,10
3705,3711,8,1,6
3705,3707,5,4,2
3709,3710,4,0,1
3709,3710,3,3,1
3710,3715,5,2,5
3710,3711,1,0,1
3710,3717,6,4,7
3711,3712,0,0,1
3712,3713,6,5,1
3714,3716,2,6,2
3715,3719,8,0,4
3716,3717,6,3,1
3718,3719,6,3,1
3719,3721,3,4,2
3720,3723,4,2,3
3720,3729,7,0,9
3721,3722,3,0,1
3721,3723,6,2,2
3722,3723,5,7,1
3723,3724,5,3,1
3724,3725,4,1,1
3724,3725,3,3,1
3725,3732,6,2,7
3725,3726,3,0,1
3725,3726,0,3,1
3726,3727,6,2,1
3726,3727,4,3,1
3728,3729,3,0,1
3728,3730,3,0,2
3729,3731,1,1,2
3729,3730,8,1,1
3730,3733,5,0,3
3730,3731,1,1,1
3730,3739,5,2,9
3731,3732,0,1,1
3732,3733,5,3,1
3733,3734,4,2,1
3734,3736,4,1,2
3734,3735,6,3,1
3735,3738,3,2,3
3735,3736,3,5,1
3736,3737,8,1,1
3737,3738,9,0,1
3738,3739,6,1,1
3738,3740,5,5,2
3740,3749,1,2,9
3740,3741,8,0,1
3740,3750,1,4,10
3740,3741,2,5,1
3741,3742,9,0,1
3741,3743,6,1,2
3744,3746,4,1,2
3745,3752,7,1,7
3745,3746,2,4,1
3747,3748,0,2,1
3748,3749,6,1,1
3750,3756,6,0,6
3750,3758,2,3,8
3750,3751,3,3,1
3751,3752,4,1,1
3752,3753,2,0,1
3752,3753,0,0,1
3753,3754,5,0,1
3754,3755,2,1,1
3755,3756,3,3,1
3756,3757,2,2,1
3757,3758,4,1,1
3758,3759,6,1,1
3759,3760,6,4,1
3760,3764,0,1,4
3760,3769,8,3,9
3761,3762,6,1,1
3762,3763,1,2,1
3763,3764,4,3,1
3764,3765,7,0,1
3764,3765,3,3,1
3765,3770,6,2,5
3765,3766,2,0,1
3765,3766,3,6,1
3766,3767,8,0,1
3766,3767,6,6,1
3767,3768,7,0,1
3769,3770,8,0,1
3770,3773,3,2,3
3770,3780,6,0,10
3771,3772,4,0,1
3771,3773,5,3,2
3772,3773,4,0,1
3773,3775,8,0,2
3773,3774,4,2,1
3775,3781,3,0,6
3775,3777,6,5,2
3776,3777,6,0,1
3776,3777,1,2,1
3778,3779,2,1,1
3779,3780,5,1,1
3779,3781,4,2,2
3780,3785,8,2,5
3780,3781,2,0,1
3780,3789,5,5,9
3784,3785,4,2,1
3785,3792,3,2,7
3788,3790,5,1,2
3789,3790,1,2,1
3790,3792,5,0,2
3790,3791,5,0,1
3790,3799,4,2,9
3791,3792,4,2,1
3792,3793,6,0,1
3792,3793,0,1,1
3793,3794,6,2,1
3794,3795,3,0,1
3795,3802,5,3,7
3796,3797,8,0,1
3798,3799,9,1,1
3799,3800,7,3,1
3800,3802,1,0,2
3800,3801,5,0,1
3800,3809,3,3,9
3801,3802,5,0,1
3801,3803,0,4,2
3802,3803,7,0,1
3802,3803,5,0,1
3805,3808,3,1,3
3805,3806,5,2,1
3805,3807,5,1,2
3807,3808,9,1,1
3809,3810,6,0,1
3809,3810,4,2,1
3810,3818,5,1,8
3810,3811,7,1,1
3810,3819,4,5,9
3810,3811,5,1,1
3811,3812,6,1,1
3812,3813,4,7,1
3814,3815,4,6,1
3815,3820,8,0,5
3815,3817,1,2,2
3816,3817,5,0,1
3818,3819,6,0,1
3819,3820,6,1,1
3820,3825,3,0,5
3820,3821,6,1,1
3820,3831,2,0,11
3821,3822,8,2,1
3821,3822,3,4,1
3822,3823,4,4,1
3823,3824,5,0,1
3824,3825,2,2,1
3824,3825,6,4,1
3825,3833,8,2,8
3826,3827,3,0,1
3829,3830,0,0,1
3829,3831,2,2,2
3830,3837,3,1,7
3830,3839,2,4,9
3830,3831,3,0,1
3831,3832,4,2,1
3831,3832,4,5,1
3832,3834,5,2,2
3833,3834,2,0,1
3833,3836,6,4,3
3834,3835,4,0,1
3834,3835,3,4,1
3835,3840,9,0,5
3835,3836,8,0,1
3836,3837,5,2,1
3836,3837,6,6,1
3837,3838,7,0,1
3838,3839,4,0,1
3839,3840,4,2,1
3839,3840,2,3,1
3840,3850,3,1,10
3840,3850,1,4,10
3841,3843,6,1,2
3842,3843,5,0,1
3842,3844,6,2,2
3844,3845,5,1,1
3845,3851,6,1,6
3846,3847,5,0,1
3846,3848,4,1,2
3847,3848,8,2,1
3848,3849,3,0,1
3849,3850,3,1,1
3849,3850,9,0,1
3850,3855,2,2,5
3850,3851,4,1,1
3850,3859,2,1,9
3851,3854,3,0,3
3853,3854,4,3,1
3854,3855,4,0,1
3854,3856,0,7,2
3855,3859,0,2,4
3855,3856,5,1,1
3856,3857,2,2,1
3858,3859,9,0,1
3859,3860,5,2,1
3860,3861,2,2,1
3860,3870,4,0,10
3861,3862,6,4,1
3862,3863,6,0,1
3864,3865,4,0,1
3865,3867,2,2,2
3865,3868,6,1,3
3867,3868,3,0,1
3867,3869,6,3,2
3868,3869,3,2,1
3869,3870,7,1,1
3870,3873,5,0,3
3870,3871,2,1,1
3870,3880,6,2,10
3871,3872,7,1,1
3871,3872,3,5,1
3873,3875,2,1,2
3873,3874,2,3,1
3874,3875,2,1,1
3875,3880,1,0,5
3876,3877,5,1,1
3877,3878,1,0,1
3878,3879,8,0,1
3878,3879,5,4,1
3879,3881,6,3,2
3879,3880,3,3,1
3880,3884,6,3,4
3880,3889,4,4,9
3880,3881,9,0,1
3881,3883,6,6,2
3882,3883,2,3,1
3883,3884,5,0,1
3883,3885,7,3,2
3885,3891,8,3,6
3886,3887,9,0,1
3886,3888,7,5,2
3888,3889,7,2,1
3889,3890,2,0,1
3890,3896,5,2,6
3890,3891,6,2,1
3890,3899,9,3,9
3890,3891,8,4,1
3891,3892,3,1,1
3891,3892,3,3,1
3892,3893,7,0,1
3892,3894,3,3,2
3893,3894,7,0,1
3893,3894,5,5,1
3895,3896,9,2,1
3895,3896,7,0,1
3897,3898,3,0,1
3898,3899,4,2,1
3900,3903,1,2,3
3900,3901,7,0,1
3900,3910,4,5,10
3901,3902,2,1,1
3901,3902,3,0,1
3902,3903,8,3,1
3903,3904,6,0,1
3904,3905,9,2,1
3904,3905,7,3,1
3905,3909,4,2,4
3905,3906,2,0,1
3906,3907,9,2,1
3907,3908,4,2,1
3908,3909,8,0,1
3908,3910,6,5,2
3910,3911,7,2,1
3910,3911,4,1,1
3910,3920,6,0,10
3912,3914,9,2,2
3913,3914,5,2,1
3915,3918,9,0,3
3915,3916,5,1,1
3915,3916,3,3,1
3916,3917,2,1,1
3916,3918,6,2,2
3917,3918,3,0,1
3917,3918,4,1,1
3918,3919,0,0,1
3919,3920,7,1,1
3920,3923,2,2,3
3920,3921,5,0,1
3920,3930,7,3,10
3921,3922,4,2,1
3922,3924,5,0,2
3924,3925,0,0,1
3925,3929,3,2,4
3925,3926,8,0,1
3926,3928,0,0,2
3926,3927,7,3,1
3927,3928,2,2,1
3929,3930,5,0,1
3929,3930,2,3,1
3930,3931,2,1,1
3930,3939,4,1,9
3931,3932,5,0,1
3933,3934,7,1,1
3934,3935,8,2,1
3935,3941,9,1,6
3935,3936,7,4,1
3936,3937,5,0,1
3936,3937,6,3,1
3937,3938,4,2,1
3939,3940,4,1,1
3939,3940,4,4,1
3940,3946,9,2,6
3940,3950,6,3,10
3941,3944,7,4,3
3942,3944,2,1,2
3942,3943,6,3,1
3943,3944,4,0,1
3943,3944,7,4,1
3944,3945,4,0,1
3945,3948,7,1,3
3945,3946,5,2,1
3946,3947,8,3,1
3947,3949,7,5,2
3948,3949,9,7,1
3950,3958,3,1,8
3950,3960,9,1,10
3951,3952,8,0,1
3952,3953,8,1,1
3952,3953,1,2,1
3953,3955,1,0,2
3953,3954,3,1,1
3954,3955,3,7,1
3955,3960,6,2,5
3955,3956,1,0,1
3955,3956,5,7,1
3956,3957,4,1,1
3957,3958,0,3,1
3958,3959,5,5,1
3959,3960,0,2,1
3959,3960,3,2,1
3960,3965,2,3,5
3960,3969,0,0,9
3961,3962,0,1,1
3963,3964,6,1,1
3965,3969,6,2,4
3965,3966,9,2,1
3966,3967,6,0,1
3967,3968,5,6,1
3968,3969,2,1,1
3970,3972,2,2,2
3970,3971,6,0,1
3970,3980,6,4,10
3971,3972,1,1,1
3971,3972,4,3,1
3972,3973,2,0,1
3972,3973,6,0,1
3974,3975,6,0,1
3975,3976,8,3,1
3975,3976,4,1,1
3976,3977,2,0,1
3976,3979,4,5,3
3977,3978,7,2,1
3977,3979,5,3,2
3979,3980,5,4,1
3980,3983,6,1,3
3980,3989,1,6,9
3981,3982,3,0,1
3982,3983,8,1,1
3985,3989,5,2,4
3985,3986,9,3,1
3986,3987,6,1,1
3986,3987,4,4,1
3987,3988,6,0,1
3988,3989,3,0,1
3989,3990,4,0,1
3989,3991,4,2,2
3990,3991,5,2,1
3990,3998,3,1,8
3991,3992,7,0,1
3993,3994,4,1,1
3994,3995,4,1,1
3995,4002,5,2,7
3995,3996,0,1,1
3995,3996,5,2,1
3996,3997,5,0,1
3997,3998,4,1,1
3998,3999,5,6,1
3999,4002,0,3,3
4000,4001,9,0,1
4000,4009,6,0,9
4001,4002,7,0,1
4002,4003,4,0,1
4002,4003,3,0,1
4004,4005,0,1,1
4004,4005,2,1,1
4005,4012,7,1,7
4005,4006,9,0,1
4005,4006,6,2,1
4006,4007,5,0,1
4007,4008,3,2,1
4008,4009,4,0,1
4008,4009,0,3,1
4009,4010,5,1,1
4009,4010,1,2,1
4010,4011,5,1,1
4010,4011,5,0,1
4010,4019,5,2,9
4011,4013,3,4,2
4012,4013,6,2,1
4013,4014,0,0,1
4013,4016,1,4,3
4014,4015,9,0,1
4015,4023,9,2,8
4017,4018,0,1,1
4017,4020,4,3,3
4018,4019,5,2,1
4019,4020,0,0,1
4020,4027,4,1,7
4020,4030,5,2,10
4021,4022,4,1,1
4021,4023,1,5,2
4023,4024,2,2,1
4024,4025,5,2,1
4025,4029,7,4,4
4025,4026,8,5,1
4026,4027,6,1,1
4028,4030,4,2,2
4028,4030,9,4,2
4030,4041,6,3,11
4030,4031,3,1,1
4030,4039,6,4,9
4031,4032,6,1,1
4031,4034,4,3,3
4032,4033,5,2,1
4033,4034,4,0,1
4033,4034,4,1,1
4034,4036,5,3,2
4035,4042,7,3,7
4036,4037,1,3,1
4037,4038,1,0,1
4037,4038,3,5,1
4039,4040,9,1,1
4040,4041,2,1,1
4040,4041,2,1,1
4040,4048,2,2,8
4040,4041,6,6,1
4041,4043,8,2,2
4042,4043,9,0,1
4043,4044,4,0,1
4043,4044,9,3,1
4045,4051,4,1,6
4045,4046,1,1,1
4046,4047,6,2,1
4048,4050,4,4,2
4050,4055,5,2,5
4050,4051,3,0,1
4050,4060,5,6,10
4052,4053,0,5,1
4055,4058,2,2,3
4056,4057,6,3,1
4056,4057,2,2,1
4057,4058,9,0,1
4059,4060,6,0,1
4060,4064,3,2,4
4060,4061,4,0,1
4060,4069,7,4,9
4060,4062,3,2,2
4062,4063,5,0,1
4062,4064,3,5,2
4063,4064,9,3,1
4064,4066,6,2,2
4065,4072,7,3,7
4065,4066,8,0,1
4065,4067,3,5,2
4068,4069,5,0,1
4069,4070,3,3,1
4070,4075,1,2,5
4070,4079,2,4,9
4070,4071,2,0,1
4071,4072,3,1,1
4072,4073,3,1,1
4073,4074,9,0,1
4074,4075,7,4,1
4075,4082,6,1,7
4076,4077,0,2,1
4077,4078,9,2,1
4078,4079,4,0,1
4079,4080,6,1,1
4080,4081,5,1,1
4080,4088,2,0,8
4080,4081,5,4,1
4081,4082,2,0,1
4081,4082,7,1,1
4082,4083,4,1,1
4082,4083,1,4,1
4083,4084,5,1,1
4084,4086,4,0,2
4084,4086,7,1,2
4085,4090,8,1,5
4085,4086,5,1,1
4086,4087,2,2,1
4086,4087,8,0,1
4087,4088,2,0,1
4088,4089,4,1,1
4089,4090,4,1,1
4089,4090,6,6,1
4090,4095,3,3,5
4090,4099,3,5,9
4091,4093,4,5,2
4092,4094,8,1,2
4092,4094,6,2,2
4093,4094,7,2,1
4094,4095,4,0,1
4094,4095,2,2,1
4095,4097,9,2,2
4096,4097,6,4,1
4097,4098,3,0,1
4099,4101,7,4,2
4100,4106,6,0,6
4100,4101,1,1,1
4100,4110,9,3,10
4101,4102,7,0,1
4102,4104,4,1,2
4102,4103,6,2,1
4103,4104,2,0,1
4103,4104,3,1,1
4105,4112,4,4,7
4105,4106,9,4,1
4106,4107,5,2,1
4107,4108,6,3,1
4108,4109,4,1,1
4109,4110,9,3,1
4110,4114,9,1,4
4110,4111,4,1,1
4110,4119,7,4,9
4112,4113,0,0,1
4113,4114,5,0,1
4115,4120,7,1,5
4116,4117,9,1,1
4117,4118,3,0,1
4119,4120,4,0,1
4119,4121,6,4,2
4120,4121,3,1,1
4120,4129,5,0,9
4120,4122,7,2,2
4121,4127,4,2,6
4122,4123,2,4,1
4123,4124,2,0,1
4124,4125,7,1,1
4125,4127,8,2,2
4126,4127,7,2,1
4128,4129,7,0,1
4128,4129,6,3,1
4129,4130,7,0,1
4130,4135,6,1,5
4130,4138,6,2,8
4131,4132,3,1,1
4132,4133,3,0,1
4132,4134,5,1,2
4133,4135,5,3,2
4134,4135,8,0,1
4134,4137,3,1,3
4135,4138,2,2,3
4135,4136,7,3,1
4136,4137,4,0,1
4136,4137,3,3,1
4138,4139,8,0,1
4140,4148,5,1,8
4141,4143,4,3,2
4142,4143,4,1,1
4142,4143,7,0,1
4143,4144,3,5,1
4145,4149,4,1,4
4145,4147,9,4,2
4146,4147,5,0,1
4146,4148,7,0,2
4147,4148,9,0,1
4148,4149,7,1,1
4148,4149,6,5,1
4150,4154,3,2,4
4150,4159,7,0,9
4151,4152,4,1,1
4153,4155,7,0,2
4155,4157,3,1,2
4155,4156,3,0,1
4156,4158,6,2,2
4157,4158,3,0,1
4159,4160,6,1,1
4160,4166,4,1,6
4160,4161,5,2,1
4160,4171,8,5,11
4161,4162,3,0,1
4162,4163,0,0,1
4164,4165,5,0,1
4165,4170,5,1,5
4165,4166,4,0,1
4166,4167,0,0,1
4166,4167,9,8,1
4167,4168,1,1,1
4167,4169,4,2,2
4168,4169,4,2,1
4170,4175,7,2,5
4170,4179,5,1,9
4170,4171,9,1,1
4171,4172,4,1,1
4171,4172,3,4,1
4174,4176,8,0,2
4175,4179,5,0,4
4176,4177,7,5,1
4177,4178,6,0,1
4177,4178,3,6,1
4178,4180,0,1,2
4179,4180,3,0,1
4180,4186,1,2,6
4180,4181,8,1,1
4180,4190,1,5,10
4183,4184,2,0,1
4183,4184,2,1,1
4184,4185,4,4,1
4185,4190,7,0,5
4185,4186,8,0,1
4186,4187,5,2,1
4186,4188,6,0,2
4189,4190,0,3,1
4190,4199,2,1,9
4191,4194,0,3,3
4191,4192,2,0,1
4193,4195,5,0,2
4194,4195,1,0,1
4194,4196,4,0,2
4195,4196,7,0,1
4195,4196,2,2,1
4196,4202,2,2,6
4198,4199,0,0,1
4198,4199,2,7,1
4200,4205,9,3,5
4200,4210,0,1,10
4202,4203,3,0,1
4202,4203,0,6,1
4203,4204,3,1,1
4204,4205,9,2,1
4205,4209,6,4,4
4208,4209,4,0,1
4209,4210,4,0,1
4209,4210,7,4,1
4210,4212,3,1,2
4210,4211,1,0,1
4210,4220,6,2,10
4210,4211,4,0,1
4211,4213,6,4,2
4212,4213,3,0,1
4212,4213,6,4,1
4213,4214,3,3,1
4214,4216,4,5,2
4215,4222,1,2,7
4218,4219,3,0,1
4218,4219,7,3,1
4219,4220,6,0,1
4219,4220,3,4,1
4220,4224,5,2,4
4220,4221,2,1,1
4220,4229,7,3,9
4220,4221,4,8,1
4221,4222,1,0,1
4222,4223,3,0,1
4223,4224,4,1,1
4223,4224,5,6,1
4224,4226,5,3,2
4225,4229,9,1,4
4225,4226,1,1,1
4225,4226,5,3,1
4226,4227,5,1,1
4227,4228,0,0,1
4228,4229,3,4,1
4229,4230,5,1,1
4229,4230,3,1,1
4230,4231,0,0,1
4230,4240,4,0,10
4231,4242,6,3,11
4232,4233,1,1,1
4235,4242,8,2,7
4235,4237,2,0,2
4236,4237,6,0,1
4236,4237,6,2,1
4238,4241,3,4,3
4239,4240,5,0,1
4239,4240,6,2,1
4240,4248,4,1,8
4240,4241,7,1,1
4240,4249,3,3,9
4240,4243,9,1,3
4241,4242,8,0,1
4242,4243,7,1,1
4244,4245,5,1,1
4244,4245,4,1,1
4245,4248,8,1,3
4245,4246,5,1,1
4246,4247,8,0,1
4247,4249,3,1,2
4248,4249,4,4,1
4249,4250,7,0,1
4250,4256,3,1,6
4250,4261,6,4,11
4250,4251,5,0,1
4251,4253,7,0,2
4252,4253,8,1,1
4252,4253,7,5,1
4253,4254,7,2,1
4255,4260,5,2,5
4255,4256,5,0,1
4257,4258,5,1,1
4258,4259,6,1,1
4259,4261,3,1,2
4259,4260,7,6,1
4260,4265,7,3,5
4260,4261,2,0,1
4260,4268,1,5,8
4261,4262,8,1,1
4261,4263,2,2,2
4262,4264,4,1,2
4263,4264,2,0,1
4263,4264,5,4,1
4264,4265,7,0,1
4264,4266,0,2,2
4265,4267,5,1,2
4265,4266,5,1,1
4269,4270,5,0,1
4269,4271,6,1,2
4270,4276,4,2,6
4270,4280,3,3,10
4272,4274,6,4,2
4273,4276,6,1,3
4274,4275,4,0,1
4275,4277,4,1,2
4275,4276,7,2,1
4276,4277,8,2,1
4276,4277,6,6,1
4277,4279,8,0,2
4278,4279,6,0,1
4279,4280,9,3,1
4280,4283,2,0,3
4280,4281,6,2,1
4280,4290,5,4,10
4280,4281,2,0,1
4281,4282,7,1,1
4281,4282,3,5,1
4283,4284,5,0,1
4283,4284,0,3,1
4284,4285,6,0,1
4285,4291,9,3,6
4285,4286,4,3,1
4286,4287,2,0,1
4286,4287,5,4,1
4287,4288,5,1,1
4288,4289,4,0,1
4290,4296,0,2,6
4290,4291,2,0,1
4290,4299,5,5,9
4290,4292,4,3,2
4291,4292,7,1,1
4291,4292,4,5,1
4292,4293,4,1,1
4293,4294,5,1,1
4295,4296,6,3,1
4295,4297,4,1,2
4299,4300,7,0,1
4299,4300,9,4,1
4300,4307,3,3,7
4300,4310,4,0,10
4300,4301,8,0,1
4301,4303,2,1,2
4302,4303,5,1,1
4303,4304,4,0,1
4303,4305,6,6,2
4304,4305,4,2,1
4304,4305,6,3,1
4305,4309,6,1,4
4305,4306,3,1,1
4306,4307,7,1,1
4308,4309,3,1,1
4310,4313,4,1,3
4310,4311,6,0,1
4310,4319,7,4,9
4310,4311,4,2,1
4311,4313,3,1,2
4314,4315,7,0,1
4315,4321,3,1,6
4315,4316,7,2,1
4316,4317,0,1,1
4317,4318,5,2,1
4317,4319,1,1,2
4319,4320,5,1,1
4320,4327,5,2,7
4320,4329,6,1,9
4321,4322,5,0,1
4321,4323,3,5,2
4323,4324,2,7,1
4325,4326,3,2,1
4325,4326,7,1,1
4326,4327,3,0,1
4326,4327,3,3,1
4327,4328,2,1,1
4330,4338,2,1,8
4330,4331,3,1,1
4330,4341,7,3,11
4331,4332,6,2,1
4332,4333,4,2,1
4333,4334,3,0,1
4333,4334,4,4,1
4334,4335,3,2,1
4334,4335,8,1,1
4335,4336,2,2,1
4335,4336,3,8,1
4336,4337,6,1,1
4338,4339,5,0,1
4339,4340,4,1,1
4340,4341,4,2,1
4340,4341,5,0,1
4340,4351,0,0,11
4341,4343,6,2,2
4341,4342,5,4,1
4342,4343,7,0,1
4342,4344,6,2,2
4344,4345,5,3,1
4345,4349,5,2,4
4345,4347,2,2,2
4347,4348,8,0,1
4347,4348,9,3,1
4349,4350,6,0,1
4350,4352,5,2,2
4350,4361,8,3,11
4352,4353,7,1,1
4353,4354,6,1,1
4354,4355,4,0,1
4355,4360,2,1,5
4356,4357,7,3,1
4358,4359,9,3,1
4359,4360,2,2,1
4360,4363,6,2,3
4360,4361,9,1,1
4360,4369,5,5,9
4360,4361,5,5,1
4361,4362,3,0,1
4362,4364,9,4,2
4364,4365,5,0,1
4365,4368,4,0,3
4365,4366,5,6,1
4366,4367,6,0,1
4367,4368,6,1,1
4368,4369,9,0,1
4368,4370,1,0,2
4369,4370,3,1,1
4370,4381,0,2,11
4370,4371,5,0,1
4370,4379,4,2,9
4371,4372,3,0,1
4373,4374,0,0,1
4373,4375,6,4,2
4374,4376,6,1,2
4374,4375,2,2,1
4375,4377,4,2,2
4375,4376,2,0,1
4376,4381,6,2,5
4376,4377,6,0,1
4377,4378,5,0,1
4377,4378,7,2,1
4378,4379,8,0,1
4379,4380,3,2,1
4380,4385,9,2,5
4380,4381,4,2,1
4380,4390,4,1,10
4380,4381,8,2,1
4381,4382,2,0,1
4382,4383,4,4,1
4384,4385,4,0,1
4384,4385,3,1,1
4385,4388,7,2,3
4385,4386,3,0,1
4385,4387,1,2,2
4388,4389,7,3,1
4389,4390,1,0,1
4390,4396,4,0,6
4390,4399,4,5,9
4390,4391,6,2,1
4391,4392,9,1,1
4391,4392,4,3,1
4393,4394,4,1,1
4395,4401,9,3,6
4395,4396,2,0,1
4396,4397,0,2,1
4396,4397,4,1,1
4397,4398,6,6,1
4398,4399,4,0,1
4399,4400,5,0,1
4399,4401,5,4,2
4400,4407,1,3,7
4400,4402,3,0,2
4400,4410,1,4,10
4401,4402,4,1,1
4402,4403,8,0,1
4402,4404,4,0,2
4404,4405,1,1,1
4405,4409,5,1,4
4405,4406,1,1,1
4406,4407,6,4,1
4407,4410,8,2,3
4408,4409,0,1,1
4409,4410,5,0,1
4409,4410,2,1,1
4410,4413,1,0,3
4410,4411,6,2,1
4410,4420,0,0,10
4411,4412,3,2,1
4411,4412,8,0,1
4413,4414,4,0,1
4413,4416,1,0,3
4415,4418,4,2,3
4415,4416,1,1,1
4415,4417,5,2,2
4417,4418,4,0,1
4418,4419,1,0,1
4420,4427,5,2,7
4420,4428,4,4,8
4420,4422,5,1,2
4422,4423,2,6,1
4423,4424,4,1,1
4423,4425,4,4,2
4424,4425,1,0,1
4425,4429,6,1,4
4425,4426,7,0,1
4426,4427,6,3,1
4427,4428,3,0,1
4429,4431,3,5,2
4430,4432,8,2,2
4430,4438,7,4,8
4430,4431,6,1,1
4431,4432,3,2,1
4432,4433,1,1,1
4432,4433,1,4,1
4433,4434,1,4,1
4434,4435,9,0,1
4435,4437,7,2,2
4435,4436,5,0,1
4437,4438,7,4,1
4438,4439,6,0,1
4440,4446,5,2,6
4440,4442,4,0,2
4440,4449,0,0,9
4440,4441,4,2,1
4441,4442,3,3,1
4443,4444,7,1,1
4444,4445,5,2,1
4445,4449,5,0,4
4445,4446,8,1,1
4445,4446,6,1,1
4446,4447,6,0,1
4448,4449,9,0,1
4448,4449,2,3,1
4450,4457,5,0,7
4450,4451,6,1,1
4450,4460,8,4,10
4450,4451,0,1,1
4451,4452,3,0,1
4451,4452,3,4,1
4452,4453,5,0,1
4452,4453,6,3,1
4453,4454,6,0,1
4455,4462,2,2,7
4455,4456,0,0,1
4455,4456,7,0,1
4459,4460,6,0,1
4459,4460,4,1,1
4460,4469,1,0,9
4460,4468,1,0,8
4461,4462,4,0,1
4461,4462,3,4,1
4463,4464,0,0,1
4464,4466,3,2,2
4465,4469,5,1,4
4466,4467,8,0,1
4466,4467,5,2,1
4467,4468,6,0,1
4467,4468,4,2,1
4468,4469,7,2,1
4470,4473,3,2,3
4470,4471,4,0,1
4470,4478,6,1,8
4470,4471,8,5,1
4471,4473,7,3,2
4472,4473,6,1,1
4474,4475,3,0,1
4475,4479,6,1,4
4475,4476,4,0,1
4475,4477,6,0,2
4476,4479,5,6,3
4477,4478,6,2,1
4480,4487,6,2,7
4480,4490,6,2,10
4481,4482,8,0,1
4481,4482,8,4,1
4483,4484,4,0,1
4484,4485,6,2,1
4485,4488,7,2,3
4486,4487,1,0,1
4487,4488,0,2,1
4488,4491,0,1,3
4489,4490,2,2,1
4490,4498,3,2,8
4490,4491,0,1,1
4490,4499,7,0,9
4490,4491,4,4,1
4491,4492,2,0,1
4492,4493,4,0,1
4493,4494,4,2,1
4494,4495,5,0,1
4494,4495,5,0,1
4495,4498,8,1,3
4495,4496,0,0,1
4495,4496,3,3,1
4496,4497,5,2,1
4496,4498,6,3,2
4497,4498,8,1,1
4497,4498,4,0,1
4498,4499,4,0,1
4499,4500,2,0,1
4500,4502,8,2,2
4500,4501,5,1,1
4500,4509,4,3,9
4501,4502,2,0,1
4502,4503,1,5,1
4503,4504,5,0,1
4504,4505,4,0,1
4505,4509,3,3,4
4506,4507,5,3,1
4507,4509,4,0,2
4508,4509,4,0,1
4509,4510,6,1,1
4510,4511,4,2,1
4510,4511,7,0,1
4510,4521,1,2,11
4510,4511,0,4,1
4511,4512,1,2,1
4514,4515,4,1,1
4515,4519,4,2,4
4515,4516,4,0,1
4515,4516,2,3,1
4516,4517,6,0,1
4516,4517,5,3,1
4519,4520,4,2,1
4520,4526,3,1,6
4520,4521,4,0,1
4520,4531,2,2,11
4522,4523,5,3,1
4523,4524,7,0,1
4524,4526,8,0,2
4524,4526,9,0,2
4525,4530,5,4,5
4525,4526,1,2,1
4526,4527,5,0,1
4526,4528,9,2,2
4528,4529,3,0,1
4529,4530,3,1,1
4530,4539,3,1,9
4530,4539,5,2,9
4531,4532,4,0,1
4532,4534,4,0,2
4532,4535,7,4,3
4533,4535,2,0,2
4533,4535,7,5,2
4534,4535,1,1,1
4535,4545,8,3,10
4535,4536,5,1,1
4536,4537,1,0,1
4537,4538,6,5,1
4538,4539,1,0,1
4539,4540,8,0,1
4540,4548,3,1,8
4540,4550,3,5,10
4541,4542,2,0,1
4541,4542,1,1,1
4542,4543,3,1,1
4542,4543,4,3,1
4543,4544,0,1,1
4543,4544,7,3,1
4545,4549,1,2,4
4546,4547,3,0,1
4547,4548,7,2,1
4547,4548,0,4,1
4549,4550,8,1,1
4549,4550,5,4,1
4550,4554,6,3,4
4550,4551,6,2,1
4550,4559,2,2,9
4551,4552,2,0,1
4551,4552,3,5,1
4552,4553,6,0,1
4553,4555,5,1,2
4554,4555,5,0,1
4554,4555,0,0,1
4555,4562,5,2,7
4555,4556,3,0,1
4555,4556,4,0,1
4556,4557,6,0,1
4557,4559,3,4,2
4558,4559,4,1,1
4560,4563,4,2,3
4560,4561,9,1,1
4560,4569,9,0,9
4560,4561,2,1,1
4561,4563,5,3,2
4563,4564,4,0,1
4564,4566,2,4,2
4565,4572,2,1,7
4565,4566,6,1,1
4565,4566,6,4,1
4567,4568,3,5,1
4568,4569,3,0,1
4569,4570,6,0,1
4569,4570,2,4,1
4570,4577,9,2,7
4570,4581,5,1,11
4570,4572,3,0,2
4572,4573,2,0,1
4572,4574,4,0,2
4573,4574,6,0,1
4574,4575,2,2,1
4575,4581,5,1,6
4575,4576,2,1,1
4575,4576,7,1,1
4576,4577,5,3,1
4577,4578,3,1,1
4577,4578,8,5,1
4578,4579,3,1,1
4580,4584,8,2,4
4580,4590,9,0,10
4580,4582,3,5,2
4581,4582,3,0,1
4582,4584,8,3,2
4584,4585,6,0,1
4585,4587,5,0,2
4585,4586,4,0,1
4588,4589,5,1,1
4589,4590,5,0,1
4590,4595,3,1,5
4590,4599,1,2,9
4590,4591,4,4,1
4592,4593,5,0,1
4594,4595,4,1,1
4596,4600,6,3,4
4596,4597,5,0,1
4596,4597,4,1,1
4597,4598,9,2,1
4598,4600,4,0,2
4599,4600,6,1,1
4599,4600,8,2,1
4600,4607,5,3,7
4600,4608,9,3,8
4601,4602,1,1,1
4601,4603,3,4,2
4602,4603,6,2,1
4603,4604,1,1,1
4603,4605,6,6,2
4605,4609,9,2,4
4605,4607,8,3,2
4606,4607,3,2,1
4606,4607,9,2,1
4607,4608,6,0,1
4609,4610,6,3,1
4610,4617,6,2,7
4610,4621,1,5,11
4610,4611,2,6,1
4611,4612,3,0,1
4611,4612,8,3,1
4613,4614,3,0,1
4613,4614,3,0,1
4615,4621,4,0,6
4616,4617,3,4,1
4618,4619,4,0,1
4618,4620,4,1,2
4620,4625,4,1,5
4620,4627,7,2,7
4621,4622,0,1,1
4622,4624,2,3,2
4623,4624,3,1,1
4624,4625,5,1,1
4625,4627,7,3,2
4626,4627,3,1,1
4626,4628,8,3,2
4627,4628,2,0,1
4628,4629,0,2,1
4629,4630,4,1,1
4630,4631,5,1,1
4630,4640,5,2,10
4630,4632,5,0,2
4631,4632,2,2,1
4631,4633,5,4,2
4633,4634,6,0,1
4635,4642,3,3,7
4636,4637,6,0,1
4637,4638,8,2,1
4638,4639,0,1,1
4638,4639,5,2,1
4639,4642,4,1,3
4640,4645,0,2,5
4640,4649,9,4,9
4641,4642,0,1,1
4642,4643,3,0,1
4645,4648,8,1,3
4646,4647,6,0,1
4646,4648,4,4,2
4647,4648,9,0,1
4648,4649,1,0,1
4649,4650,6,1,1
4649,4651,0,1,2
4650,4657,3,2,7
4650,4651,9,0,1
4650,4660,9,6,10
4651,4654,3,1,3
4652,4653,6,1,1
4654,4655,0,1,1
4654,4655,4,5,1
4655,4659,6,2,4
4655,4657,2,2,2
4657,4658,5,2,1
4658,4659,0,0,1
4660,4663,3,1,3
4660,4670,5,2,10
4660,4662,9,3,2
4661,4662,2,0,1
4662,4663,5,2,1
4662,4663,2,2,1
4663,4664,3,1,1
4664,4665,0,2,1
4665,4671,5,2,6
4666,4667,5,0,1
4668,4670,7,3,2
4669,4670,9,2,1
4669,4670,6,2,1
4670,4676,8,0,6
4670,4671,2,0,1
4670,4679,6,4,9
4672,4674,4,3,2
4674,4675,8,0,1
4675,4680,2,3,5
4675,4677,4,0,2
4675,4676,7,0,1
4676,4677,6,1,1
4676,4677,4,1,1
4677,4678,5,1,1
4679,4680,3,0,1
4679,4681,3,2,2
4680,4682,6,1,2
4680,4681,6,0,1
4680,4690,4,4,10
4681,4683,2,2,2
4682,4684,4,1,2
4685,4690,3,2,5
4685,4686,6,1,1
4687,4688,6,0,1
4688,4689,0,0,1
4689,4690,2,2,1
4690,4694,4,3,4
4690,4691,6,2,1
4690,4701,5,5,11
4690,4692,7,3,2
4692,4694,3,1,2
4694,4695,7,1,1
4695,4701,3,1,6
4695,4696,9,0,1
4696,4697,6,1,1
4697,4698,9,1,1
4697,4698,9,2,1
4698,4699,7,1,1
4699,4700,6,1,1
4699,4701,6,7,2
4700,4707,1,2,7
4700,4707,4,4,7
4700,4701,4,2,1
4702,4703,7,2,1
4703,4704,3,2,1
4703,4704,7,1,1
4704,4705,1,4,1
4705,4711,4,2,6
4705,4706,4,0,1
4705,4707,6,1,2
4706,4709,9,5,3
4707,4708,7,0,1
4708,4709,7,1,1
4710,4711,6,3,1
4710,4719,5,1,9
4710,4711,6,5,1
4711,4712,7,1,1
4711,4712,4,4,1
4714,4715,7,2,1
4714,4715,2,5,1
4715,4717,5,2,2
4715,4716,9,0,1
4716,4717,5,1,1
4717,4720,4,2,3
4719,4722,2,0,3
4720,4728,3,2,8
4720,4721,4,1,1
4720,4730,5,4,10
4721,4722,7,1,1
4721,4723,1,2,2
4723,4724,6,0,1
4723,4724,4,1,1
4724,4725,6,1,1
4725,4731,9,1,6
4726,4727,5,0,1
4727,4728,9,2,1
4727,4729,2,2,2
4728,4729,5,3,1
4729,4730,9,0,1
4730,4731,2,0,1
4730,4739,0,3,9
4730,4731,3,2,1
4731,4732,5,2,1
4732,4733,1,0,1
4732,4733,2,2,1
4733,4734,7,0,1
4733,4734,1,2,1
4734,4735,3,1,1
4734,4736,5,1,2
4735,4736,5,0,1
4735,4738,4,0,3
4736,4737,4,0,1
4737,4738,6,0,1
4737,4738,3,3,1
4738,4739,8,1,1
4740,4744,2,1,4
4740,4747,4,4,7
4740,4741,1,0,1
4741,4742,4,1,1
4742,4743,4,1,1
4745,4749,5,1,4
4745,4746,9,5,1
4747,4748,6,0,1
4747,4748,7,3,1
4749,4750,9,3,1
4750,4751,6,3,1
4750,4759,9,1,9
4751,4752,2,2,1
4751,4752,6,6,1
4752,4753,1,0,1
4752,4753,5,4,1
4753,4754,6,0,1
4753,4754,5,7,1
4755,4758,4,3,3
4755,4756,6,1,1
4755,4756,5,4,1
4756,4757,2,0,1
4756,4757,0,3,1
4758,4759,2,1,1
4759,4760,8,0,1
4760,4767,2,1,7
4760,4770,9,2,10
4761,4762,1,2,1
4762,4763,2,2,1
4765,4767,3,2,2
4766,4769,6,2,3
4766,4767,4,1,1
4766,4767,4,1,1
4767,4769,4,3,2
4768,4769,5,2,1
4769,4771,9,3,2
4770,4774,6,2,4
4770,4771,5,1,1
4770,4779,2,2,9
4771,4772,5,6,1
4772,4773,4,1,1
4772,4774,2,2,2
4773,4774,5,0,1
4773,4775,4,5,2
4775,4786,7,2,11
4776,4777,7,0,1
4777,4778,4,3,1
4778,4779,6,1,1
4778,4779,9,5,1
4779,4781,5,1,2
4780,4783,3,1,3
4780,4791,2,2,11
4780,4781,1,0,1
4781,4782,3,0,1
4781,4784,4,3,3
4782,4783,4,1,1
4783,4784,3,2,1
4784,4785,3,0,1
4785,4787,4,1,2
4786,4787,1,1,1
4786,4788,3,3,2
4787,4789,4,4,2
4789,4790,5,0,1
4790,4795,8,1,5
4790,4791,3,2,1
4790,4801,4,4,11
4790,4791,5,0,1
4791,4793,5,6,2
4792,4793,5,0,1
4793,4795,3,2,2
4794,4795,9,0,1
4795,4796,4,1,1
4796,4797,4,0,1
4797,4798,5,0,1
4798,4800,4,2,2
4799,4800,3,3,1
4800,4804,2,1,4
4800,4809,6,2,9
4800,4803,2,3,3
4801,4802,0,2,1
4802,4803,6,1,1
4802,4804,5,4,2
4803,4804,7,1,1
4803,4804,3,3,1
4804,4806,6,3,2
4805,4809,3,1,4
4805,4806,1,0,1
4805,4806,5,3,1
4806,4808,4,2,2
4807,4808,5,2,1
4808,4809,3,1,1
4808,4809,5,6,1
4809,4810,4,1,1
4810,4812,9,3,2
4810,4820,4,4,10
4810,4811,6,4,1
4811,4812,9,0,1
4812,4813,4,1,1
4812,4814,7,5,2
4813,4814,2,1,1
4813,4814,4,4,1
4814,4815,1,1,1
4815,4818,2,1,3
4815,4816,5,3,1
4816,4817,0,0,1
4817,4818,5,1,1
4818,4819,4,1,1
4818,4820,3,3,2
4819,4820,7,4,1
4820,4823,6,0,3
4820,4829,0,2,9
4821,4822,2,4,1
4822,4823,2,0,1
4823,4824,4,2,1
4824,4825,6,0,1
4824,4825,2,4,1
4825,4834,5,2,9
4825,4826,4,2,1
4826,4827,4,0,1
4826,4827,3,1,1
4827,4828,6,1,1
4828,4829,6,1,1
4829,4830,1,2,1
4830,4836,4,1,6
4830,4839,5,0,9
4831,4833,5,2,2
4833,4834,4,1,1
4833,4834,4,2,1
4835,4840,8,2,5
4835,4836,4,0,1
4836,4837,7,0,1
4836,4837,0,5,1
4837,4838,4,1,1
4838,4840,5,0,2
4839,4840,9,1,1
4839,4840,7,5,1
4840,4845,7,3,5
4840,4849,6,5,9
4841,4843,6,0,2
4843,4844,5,0,1
4844,4845,7,0,1
4844,4845,7,1,1
4845,4850,4,1,5
4845,4846,6,1,1
4845,4846,7,1,1
4847,4848,1,1,1
4848,4849,3,0,1
4849,4850,0,0,1
4850,4855,2,2,5
4850,4851,4,1,1
4850,4859,9,2,9
4850,4851,7,0,1
4851,4852,1,0,1
4852,4854,4,3,2
4853,4855,6,0,2
4853,4854,1,1,1
4854,4855,4,0,1
4855,4861,5,0,6
4856,4857,6,0,1
4856,4857,4,5,1
4857,4858,8,4,1
4858,4859,6,1,1
4859,4860,6,0,1
4860,4865,3,1,5
4860,4861,5,2,1
4860,4869,2,7,9
4863,4864,8,1,1
4863,4864,4,0,1
4864,4865,2,0,1
4865,4870,1,3,5
4865,4866,4,1,1
4866,4868,0,4,2
4869,4870,1,2,1
4869,4870,2,3,1
4870,4874,3,1,4
4870,4881,6,5,11
4871,4872,6,5,1
4872,4874,4,1,2
4873,4874,4,4,1
4874,4875,1,1,1
4875,4877,6,1,2
4875,4877,2,1,2
4876,4877,2,0,1
4877,4878,6,0,1
4877,4878,3,4,1
4878,4879,6,4,1
4879,4880,3,1,1
4880,4881,9,2,1
4880,4891,4,0,11
4880,4881,3,4,1
4881,4884,3,2,3
4881,4882,5,1,1
4882,4883,6,1,1
4883,4884,9,2,1
4883,4885,7,4,2
4884,4885,5,5,1
4885,4889,5,1,4
4885,4886,7,1,1
4886,4887,8,1,1
4886,4887,2,3,1
4889,4890,3,0,1
4890,4897,5,2,7
4890,4899,7,4,9
4890,4891,9,4,1
4891,4892,2,0,1
4892,4893,4,1,1
4894,4895,6,3,1
4895,4899,1,3,4
4896,4897,7,0,1
4897,4898,9,0,1
4898,4899,6,0,1
4900,4901,7,0,1
4900,4911,3,2,11
4900,4901,3,3,1
4901,4907,5,1,6
4901,4903,3,0,2
4902,4905,8,3,3
4903,4904,6,0,1
4903,4905,7,2,2
4905,4909,7,2,4
4905,4906,5,3,1
4906,4907,7,2,1
4908,4909,4,4,1
4910,4918,3,1,8
4910,4919,4,0,9
4912,4913,6,0,1
4912,4913,1,0,1
4915,4918,6,1,3
4917,4919,5,0,2
4917,4918,5,4,1
4919,4920,6,1,1
4920,4923,4,0,3
4920,4921,0,0,1
4920,4929,8,4,9
4922,4923,4,1,1
4922,4923,8,5,1
4924,4928,3,0,4
4925,4934,5,1,9
4925,4928,1,4,3
4926,4927,5,2,1
4927,4928,6,1,1
4928,4929,2,2,1
4929,4930,8,2,1
4930,4936,5,2,6
4930,4931,0,0,1
4930,4939,2,2,9
4931,4932,2,0,1
4932,4933,2,0,1
4932,4933,6,0,1
4933,4934,0,1,1
4933,4934,6,3,1
4934,4935,1,1,1
4935,4938,7,2,3
4935,4937,1,1,2
4935,4936,7,3,1
4936,4937,9,1,1
4937,4938,7,0,1
4938,4941,3,3,3
4939,4940,6,3,1
4940,4945,2,3,5
4940,4941,5,0,1
4940,4949,4,2,9
4941,4943,3,0,2
4942,4943,3,2,1
4942,4943,6,3,1
4943,4944,7,1,1
4943,4945,5,4,2
4945,4947,6,0,2
4948,4949,5,0,1
4948,4949,6,2,1
4949,4950,6,2,1
4950,4959,3,0,9
4950,4959,2,2,9
4950,4952,4,3,2
4951,4952,8,3,1
4952,4953,3,0,1
4954,4955,7,1,1
4955,4957,4,1,2
4956,4957,8,5,1
4957,4958,7,0,1
4959,4961,7,2,2
4959,4962,6,2,3
4960,4969,7,3,9
4960,4971,2,0,11
4960,4961,5,5,1
4961,4962,2,0,1
4961,4962,4,3,1
4964,4965,5,0,1
4964,4966,9,4,2
4965,4971,2,2,6
4965,4967,1,3,2
4966,4967,4,1,1
4967,4968,8,1,1
4968,4969,2,1,1
4969,4970,6,5,1
4970,4974,7,1,4
4970,4971,6,0,1
4970,4981,6,2,11
4970,4972,6,3,2
4971,4973,0,4,2
4973,4975,8,6,2
4974,4975,6,0,1
4974,4975,1,7,1
4975,4979,5,0,4
4975,4976,8,2,1
4976,4977,5,2,1
4977,4979,6,0,2
4978,4979,3,0,1
4978,4979,3,4,1
4979,4980,3,5,1
4980,4988,9,0,8
4980,4981,1,0,1
4980,4990,6,3,10
4981,4982,4,0,1
4982,4983,0,0,1
4983,4984,7,0,1
4984,4985,0,0,1
4985,4990,5,1,5
4985,4987,7,2,2
4986,4989,2,0,3
4988,4989,8,1,1
4989,4990,1,8,1
4990,4993,0,0,3
4990,4991,4,1,1
4990,5001,1,2,11
4990,4993,7,5,3
4991,4992,1,0,1
4991,4992,7,0,1
4992,4993,0,4,1
4993,4994,9,1,1
4994,4995,4,0,1
4994,4995,6,1,1
4995,5001,4,3,6
4995,4997,3,3,2
4996,4997,2,8,1
4997,4998,4,2,1
4997,4999,5,2,2
4998,4999,0,1,1
5000,5006,3,1,6
5000,5001,2,0,1
5000,5010,6,8,10
5001,5002,9,1,1
5001,5002,5,3,1
5003,5004,6,1,1
5004,5006,7,2,2
5005,5013,6,0,8
5006,5007,3,2,1
5007,5008,7,2,1
5007,5008,6,7,1
5009,5010,4,0,1
5009,5010,2,4,1
5010,5011,3,4,1
5010,5011,7,1,1
5010,5019,7,5,9
5010,5012,5,5,2
5011,5012,9,1,1
5014,5015,6,0,1
5014,5016,5,1,2
5015,5025,6,3,10
5015,5016,1,1,1
5015,5017,3,4,2
5016,5017,7,2,1
5017,5018,2,3,1
5018,5019,5,0,1
5018,5019,5,0,1
5019,5020,7,5,1
5020,5025,0,0,5
5020,5031,3,4,11
5021,5022,1,0,1
5021,5022,2,1,1
5023,5024,6,3,1
5024,5026,4,0,2
5025,5027,5,2,2
5025,5026,7,2,1
5026,5027,6,1,1
5026,5027,9,5,1
5027,5029,4,0,2
5027,5029,3,0,2
5029,5030,1,0,1
5030,5033,1,1,3
5030,5031,3,2,1
5030,5041,7,1,11
5031,5032,1,0,1
5033,5034,3,1,1
5033,5034,0,3,1
5034,5035,0,0,1
5035,5039,9,2,4
5035,5036,4,0,1
5036,5038,4,0,2
5036,5037,4,1,1
5037,5038,5,0,1
5038,5039,5,0,1
5039,5040,6,1,1
5039,5040,7,6,1
5040,5042,6,3,2
5040,5049,4,4,9
5041,5043,4,1,2
5044,5045,6,0,1
5045,5049,7,1,4
5046,5047,0,4,1
5047,5049,0,2,2
5048,5050,8,4,2
5050,5055,2,1,5
5050,5059,7,1,9
5051,5053,3,2,2
5052,5053,3,0,1
5053,5054,0,1,1
5054,5055,4,1,1
5054,5056,0,4,2
5055,5057,6,3,2
5055,5056,4,3,1
5056,5057,5,5,1
5057,5058,3,0,1
5058,5059,4,1,1
5059,5060,6,0,1
5059,5060,1,1,1
5060,5062,5,0,2
5060,5061,5,0,1
5060,5070,7,2,10
5060,5062,5,2,2
5063,5064,4,0,1
5065,5073,6,4,8
5065,5066,4,1,1
5066,5067,5,2,1
5066,5067,9,4,1
5068,5069,6,2,1
5069,5070,6,1,1
5070,5079,8,2,9
5070,5071,8,1,1
5070,5080,1,0,10
5071,5072,5,2,1
5071,5072,0,5,1
5072,5073,4,1,1
5072,5073,2,1,1
5073,5074,3,0,1
5075,5080,3,2,5
5077,5078,4,0,1
5078,5079,0,1,1
5078,5080,4,3,2
5079,5081,7,3,2
5080,5087,5,1,7
5080,5081,3,1,1
5080,5088,2,4,8
5080,5081,1,2,1
5081,5082,3,1,1
5082,5084,9,2,2
5083,5084,0,3,1
5083,5085,5,0,2
5084,5085,8,0,1
5084,5087,8,3,3
5085,5088,6,2,3
5085,5086,7,2,1
5085,5086,1,3,1
5086,5087,3,0,1
5087,5088,7,8,1
5088,5090,9,4,2
5090,5096,5,2,6
5090,5091,0,0,1
5090,5099,1,0,9
5090,5091,6,5,1
5091,5092,6,0,1
5092,5093,2,6,1
5093,5094,4,2,1
5094,5096,4,0,2
5094,5096,5,1,2
5095,5096,3,1,1
5095,5096,0,1,1
5096,5097,4,1,1
5096,5098,3,3,2
5097,5099,3,0,2
5098,5099,1,1,1
5099,5100,9,3,1
5100,5105,2,1,5
5100,5101,3,1,1
5100,5110,4,2,10
5101,5102,6,2,1
5102,5103,5,3,1
5103,5104,4,0,1
5103,5104,4,3,1
5105,5106,4,1,1
5106,5107,4,0,1
5106,5108,8,4,2
5107,5108,7,5,1
5108,5109,8,1,1
5108,5109,3,4,1
5109,5110,5,0,1
5110,5117,5,2,7
5110,5120,3,0,10
5113,5114,4,0,1
5113,5114,3,3,1
5114,5115,9,1,1
5114,5115,4,3,1
5115,5118,6,2,3
5115,5116,4,0,1
5116,5117,8,3,1
5117,5119,9,0,2
5118,5119,9,3,1
5119,5120,5,0,1
5119,5120,1,1,1
5120,5125,4,1,5
5120,5131,7,3,11
5120,5123,7,4,3
5121,5122,3,0,1
5121,5124,5,3,3
5122,5123,1,2,1
5123,5124,6,1,1
5125,5129,4,3,4
5125,5126,8,3,1
5126,5127,5,2,1
5128,5130,6,0,2
5129,5130,2,2,1
5130,5139,8,1,9
5130,5141,3,4,11
5131,5133,4,3,2
5132,5133,3,0,1
5132,5133,6,3,1
5135,5140,7,3,5
5136,5137,7,1,1
5138,5139,3,0,1
5139,5140,1,1,1
5139,5140,4,4,1
5140,5149,4,1,9
5140,5150,5,2,10
5141,5142,4,0,1
5144,5146,3,0,2
5145,5152,3,1,7
5145,5146,7,0,1
5146,5147,0,2,1
5147,5149,0,1,2
5147,5149,1,1,2
5148,5149,3,0,1
5149,5150,3,2,1
5150,5155,6,2,5
5150,5160,5,4,10
5150,5152,4,1,2
5151,5153,8,1,2
5152,5154,8,1,2
5153,5154,4,0,1
5154,5155,4,0,1
5155,5162,6,0,7
5155,5156,4,7,1
5156,5158,2,4,2
5158,5159,6,3,1
5158,5160,6,2,2
5160,5161,2,1,1
5160,5161,7,0,1
5160,5169,2,4,9
5161,5162,5,3,1
5162,5163,5,3,1
5164,5166,3,3,2
5165,5166,1,2,1
5165,5166,4,2,1
5166,5170,6,1,4
5166,5168,3,0,2
5167,5168,3,0,1
5167,5168,7,4,1
5168,5169,4,6,1
5170,5172,3,3,2
5170,5171,6,0,1
5170,5179,3,6,9
5170,5171,6,0,1
5171,5172,0,1,1
5171,5172,5,2,1
5172,5173,5,0,1
5173,5174,5,0,1
5175,5178,5,1,3
5175,5176,8,5,1
5176,5177,4,2,1
5176,5177,8,2,1
5177,5178,4,0,1
5177,5178,5,4,1
5178,5179,4,1,1
5179,5180,5,0,1
5180,5181,4,1,1
5180,5191,5,3,11
5181,5188,5,0,7
5181,5182,5,2,1
5182,5183,9,0,1
5184,5185,8,0,1
5184,5185,7,1,1
5185,5188,8,2,3
5185,5186,5,4,1
5186,5187,7,0,1
5186,5187,7,0,1
5187,5188,9,0,1
5187,5188,2,3,1
5188,5189,0,2,1
5190,5192,7,2,2
5190,5199,5,2,9
5192,5193,4,1,1
5194,5195,4,2,1
5195,5202,7,2,7
5195,5197,9,1,2
5195,5196,8,6,1
5196,5197,2,2,1
5198,5199,7,2,1
5200,5206,3,1,6
5200,5201,2,0,1
5200,5210,5,0,10
5200,5201,5,5,1
5201,5202,1,1,1
5204,5205,7,1,1
5204,5206,7,4,2
5205,5206,2,1,1
5205,5206,1,5,1
5206,5213,7,1,7
5206,5207,3,0,1
5206,5207,2,1,1
5207,5208,1,1,1
5208,5209,0,1,1
5210,5219,5,1,9
5210,5211,6,1,1
5210,5218,2,3,8
5211,5212,5,3,1
5212,5213,5,0,1
5212,5214,6,1,2
5213,5214,8,2,1
5213,5214,8,4,1
5214,5215,3,1,1
5215,5224,5,1,9
5215,5216,1,0,1
5215,5217,4,5,2
5216,5217,4,1,1
5217,5218,9,0,1
5217,5218,6,7,1
5218,5219,6,1,1
5218,5219,6,2,1
5219,5220,8,0,1
5220,5224,4,2,4
5220,5229,2,2,9
5220,5221,6,0,1
5221,5222,4,1,1
5222,5224,8,5,2
5224,5225,7,1,1
5224,5226,4,2,2
5225,5226,6,0,1
5226,5231,0,1,5
5226,5227,1,1,1
5226,5228,7,3,2
5227,5228,5,1,1
5227,5228,0,6,1
5228,5229,4,1,1
5228,5230,4,2,2
5229,5230,8,0,1
5229,5230,2,5,1
5230,5232,5,2,2
5230,5231,3,0,1
5230,5239,7,3,9
5231,5232,5,0,1
5231,5233,4,4,2
5233,5234,7,3,1
5235,5240,2,2,5
5235,5236,6,0,1
5235,5236,5,1,1
5236,5238,9,3,2
5237,5238,3,1,1
5237,5238,3,0,1
5239,5240,6,1,1
5240,5243,2,0,3
5240,5250,5,0,10
5241,5243,3,3,2
5242,5243,6,1,1
5242,5243,4,1,1
5243,5245,4,3,2
5244,5245,7,1,1
5244,5246,0,4,2
5245,5250,9,1,5
5245,5247,1,1,2
5246,5247,4,0,1
5247,5248,5,0,1
5248,5249,6,1,1
5248,5250,1,0,2
5250,5252,0,1,2
5250,5251,5,1,1
5250,5261,6,5,11
5252,5253,4,1,1
5252,5253,3,0,1
5253,5256,7,5,3
5254,5256,3,1,2
5255,5257,1,1,2
5255,5256,2,2,1
5257,5259,2,5,2
5259,5260,2,2,1
5259,5260,5,4,1
5260,5262,7,2,2
5260,5261,4,1,1
5260,5271,4,0,11
5261,5262,9,3,1
5262,5263,3,1,1
5262,5263,2,2,1
5263,5265,9,2,2
5264,5265,1,0,1
5265,5270,5,1,5
5265,5267,6,1,2
5265,5266,9,0,1
5266,5268,4,1,2
5267,5268,2,0,1
5268,5269,2,0,1
5270,5279,8,2,9
5270,5280,4,1,10
5270,5271,6,0,1
5272,5274,4,6,2
5273,5275,8,0,2
5274,5275,8,0,1
5275,5281,5,0,6
5276,5278,7,4,2
5277,5278,4,0,1
5278,5279,2,1,1
5279,5280,6,0,1
5279,5280,5,3,1
5280,5286,7,2,6
5280,5281,6,0,1
5280,5290,6,7,10
5281,5282,4,0,1
5282,5283,3,1,1
5282,5284,9,4,2
5283,5284,5,0,1
5283,5284,6,2,1
5284,5285,3,1,1
5285,5289,4,0,4
5285,5286,0,2,1
5287,5288,5,1,1
5288,5289,0,1,1
5288,5289,2,4,1
5290,5297,7,0,7
5290,5292,4,3,2
5290,5298,9,1,8
5290,5292,3,5,2
5291,5292,4,0,1
5291,5292,9,3,1
5292,5293,4,0,1
5292,5294,4,0,2
5295,5299,0,2,4
5296,5297,7,1,1
5296,5297,5,5,1
5298,5299,8,1,1
5299,5300,5,1,1
5300,5303,6,2,3
5300,5311,5,4,11
5300,5301,7,2,1
5302,5303,5,4,1
5304,5305,3,2,1
5305,5310,0,2,5
5305,5306,6,1,1
5306,5307,9,1,1
5306,5307,5,5,1
5307,5308,2,0,1
5308,5309,1,0,1
5308,5310,1,1,2
5310,5315,0,0,5
5310,5311,9,1,1
5310,5319,4,1,9
5310,5311,3,2,1
5311,5313,9,1,2
5312,5313,4,0,1
5315,5323,6,0,8
5315,5316,4,2,1
5317,5318,1,0,1
5318,5319,9,2,1
5318,5319,1,2,1
5319,5320,1,1,1
5320,5330,5,1,10
5320,5328,4,0,8
5320,5322,5,0,2
5321,5322,7,0,1
5322,5323,4,2,1
5322,5324,2,1,2
5323,5324,0,0,1
5324,5325,8,0,1
5325,5331,5,0,6
5325,5326,1,0,1
5325,5327,3,4,2
5326,5327,6,1,1
5327,5328,4,0,1
5329,5330,5,0,1
5329,5330,3,3,1
5330,5339,3,2,9
5330,5331,5,0,1
5330,5339,9,3,9
5331,5332,7,1,1
5332,5333,6,2,1
5333,5334,3,1,1
5333,5335,7,2,2
5334,5335,4,0,1
5334,5335,3,1,1
5335,5340,4,1,5
5335,5336,5,1,1
5336,5337,6,0,1
5336,5337,1,3,1
5337,5338,5,0,1
5337,5338,5,2,1
5338,5340,7,2,2
5339,5340,2,1,1
5339,5340,4,1,1
5340,5344,3,2,4
5340,5341,5,1,1
5340,5350,9,4,10
5340,5341,5,4,1
5341,5342,3,1,1
5341,5342,7,4,1
5342,5344,7,4,2
5344,5345,6,1,1
5344,5345,6,5,1
5345,5351,7,1,6
5345,5346,4,2,1
5346,5347,1,1,1
5346,5348,9,0,2
5347,5348,9,1,1
5347,5348,9,2,1
5348,5350,2,2,2
5349,5350,8,1,1
5349,5350,8,1,1
5350,5351,9,1,1
5350,5360,3,4,10
5351,5355,5,0,4
5351,5352,3,2,1
5351,5352,4,4,1
5354,5355,7,0,1
5355,5362,9,3,7
5356,5357,0,0,1
5358,5359,6,2,1
5359,5360,5,1,1
5360,5365,8,1,5
5360,5370,6,0,10
5362,5363,6,0,1
5362,5364,4,3,2
5363,5364,3,1,1
5363,5364,7,0,1
5364,5365,6,2,1
5364,5365,4,3,1
5365,5374,9,2,9
5365,5366,1,1,1
5368,5369,6,1,1
5370,5372,4,2,2
5370,5381,2,2,11
5372,5373,4,1,1
5372,5373,7,1,1
5373,5374,5,2,1
5374,5376,1,1,2
5375,5379,8,0,4
5375,5377,4,0,2
5375,5376,5,3,1
5376,5377,1,0,1
5377,5378,8,0,1
5377,5378,3,5,1
5378,5379,3,2,1
5378,5379,5,5,1
5380,5388,3,1,8
5380,5381,7,2,1
5380,5388,4,3,8
5381,5382,1,2,1
5382,5383,6,1,1
5383,5384,4,5,1
5384,5385,6,2,1
5384,5386,4,4,2
5385,5391,5,3,6
5385,5386,0,2,1
5386,5387,0,0,1
5386,5387,2,5,1
5387,5388,9,0,1
5387,5388,5,4,1
5388,5389,5,0,1
5389,5390,4,5,1
5390,5394,0,0,4
5390,5391,3,0,1
5390,5400,2,1,10
5391,5393,1,3,2
5392,5393,1,0,1
5392,5393,0,3,1
5393,5394,4,2,1
5394,5395,5,4,1
5395,5400,3,0,5
5396,5397,3,0,1
5397,5398,4,1,1
5397,5399,3,1,2
5398,5401,5,0,3
5400,5402,4,0,2
5400,5401,3,0,1
5400,5409,5,1,9
5401,5402,7,0,1
5402,5403,8,0,1
5402,5405,1,1,3
5403,5404,5,6,1
5404,5405,0,2,1
5404,5406,4,1,2
5405,5408,0,1,3
5405,5406,9,0,1
5405,5406,5,1,1
5406,5407,3,0,1
5407,5408,4,3,1
5409,5410,4,0,1
5409,5410,0,0,1
5410,5416,5,2,6
5410,5419,7,6,9
5412,5413,5,1,1
5412,5413,6,0,1
5413,5414,5,1,1
5413,5414,1,3,1
5414,5415,6,1,1
5415,5419,7,3,4
5416,5417,6,1,1
5417,5418,2,0,1
5420,5429,6,0,9
5420,5430,6,3,10
5420,5422,3,1,2
5421,5422,9,1,1
5421,5422,5,0,1
5422,5424,6,4,2
5423,5424,4,0,1
5424,5425,4,0,1
5425,5430,5,2,5
5425,5426,7,0,1
5425,5426,6,1,1
5426,5427,7,1,1
5426,5427,0,3,1
5427,5428,0,1,1
5428,5429,5,0,1
5429,5430,3,3,1
5430,5437,7,2,7
5430,5440,6,1,10
5431,5432,4,2,1
5432,5433,9,3,1
5433,5434,6,2,1
5435,5439,4,1,4
5435,5436,4,3,1
5437,5438,5,0,1
5438,5439,7,1,1
5439,5440,4,0,1
5440,5447,4,0,7
5440,5450,0,3,10
5440,5441,1,0,1
5441,5442,6,3,1
5443,5444,6,1,1
5443,5444,5,1,1
5444,5445,5,0,1
5444,5445,5,3,1
5445,5451,5,1,6
5445,5446,4,2,1
5445,5446,2,2,1
5446,5447,6,0,1
5447,5448,5,0,1
5448,5449,3,0,1
5449,5450,6,0,1
5449,5451,5,4,2
5450,5455,8,3,5
5450,5451,5,0,1
5450,5458,8,2,8
5450,5451,9,4,1
5453,5454,2,1,1
5455,5456,5,0,1
5456,5457,5,1,1
5457,5458,3,0,1
5458,5459,4,2,1
5458,5459,4,3,1
5460,5464,6,2,4
5460,5461,7,1,1
5460,5469,4,3,9
5461,5462,8,0,1
5462,5463,2,4,1
5463,5464,4,2,1
5464,5465,8,1,1
5464,5465,9,1,1
5465,5471,6,2,6
5465,5466,9,1,1
5465,5467,3,4,2
5466,5467,6,0,1
5466,5467,9,0,1
5467,5468,1,1,1
5467,5469,8,3,2
5468,5469,6,0,1
5468,5469,4,3,1
5469,5471,2,7,2
5470,5474,8,0,4
5470,5478,3,2,8
5471,5472,7,1,1
5472,5473,6,0,1
5472,5473,3,7,1
5474,5475,9,1,1
5474,5475,5,1,1
5475,5479,2,1,4
5476,5477,2,0,1
5476,5477,5,3,1
5478,5479,4,0,1
5479,5480,0,0,1
5479,5480,9,1,1
5480,5483,7,1,3
5480,5481,7,1,1
5480,5491,9,1,11
5481,5482,8,0,1
5481,5482,7,3,1
5483,5484,2,0,1
5483,5484,7,5,1
5485,5488,3,3,3
5485,5486,6,0,1
5486,5487,3,2,1
5487,5488,4,4,1
5488,5490,9,0,2
5489,5490,1,2,1
5489,5490,5,6,1
5490,5498,1,4,8
5490,5491,4,1,1
5490,5499,6,3,9
5490,5491,6,4,1
5492,5493,4,0,1
5492,5493,5,4,1
5493,5494,0,1,1
5495,5497,9,1,2
5495,5496,5,0,1
5496,5497,6,0,1
5497,5498,5,1,1
5497,5499,3,0,2
5498,5499,4,0,1
5499,5501,9,1,2
5500,5503,5,3,3
5500,5501,2,2,1
5500,5510,5,7,10
5500,5501,6,0,1
5501,5502,7,1,1
5502,5503,6,4,1
5503,5505,3,4,2
5504,5505,5,0,1
5505,5508,0,1,3
5505,5506,3,0,1
5505,5506,4,0,1
5509,5510,3,2,1
5509,5510,4,0,1
5510,5514,7,1,4
5510,5511,0,0,1
5510,5519,7,0,9
5510,5513,6,3,3
5511,5512,1,1,1
5511,5512,4,0,1
5512,5514,7,1,2
5512,5513,1,1,1
5513,5514,8,1,1
5513,5514,6,2,1
5514,5515,1,1,1
5515,5518,5,1,3
5515,5516,4,1,1
5517,5518,7,1,1
5519,5520,5,1,1
5520,5521,4,1,1
5520,5521,4,1,1
5520,5529,4,5,9
5520,5521,6,3,1
5521,5523,8,0,2
5522,5523,3,0,1
5522,5523,6,1,1
5523,5525,9,3,2
5524,5525,6,0,1
5525,5529,3,2,4
5525,5526,8,1,1
5526,5529,1,4,3
5527,5528,6,0,1
5528,5529,3,3,1
5529,5530,3,0,1
5530,5535,3,0,5
5530,5531,9,1,1
5530,5540,3,3,10
5530,5531,7,2,1
5531,5533,1,1,2
5532,5533,6,0,1
5533,5537,7,3,4
5534,5535,4,2,1
5534,5537,4,2,3
5535,5542,6,2,7
5535,5536,8,1,1
5535,5536,5,3,1
5536,5537,4,1,1
5536,5538,3,7,2
5537,5538,5,0,1
5537,5538,5,4,1
5540,5545,6,2,5
5540,5541,4,0,1
5540,5548,3,4,8
5540,5541,1,2,1
5541,5542,4,2,1
5542,5543,2,1,1
5544,5545,9,0,1
5545,5550,3,4,5
5545,5546,4,0,1
5545,5547,6,2,2
5546,5547,2,1,1
5547,5548,6,0,1
5548,5549,4,1,1
5550,5556,3,1,6
5550,5560,2,1,10
5550,5552,0,4,2
5551,5552,5,1,1
5552,5553,5,0,1
5552,5554,8,1,2
5553,5554,5,2,1
5555,5558,7,2,3
5555,5556,6,0,1
5556,5557,2,1,1
5558,5559,5,2,1
5560,5566,5,3,6
5560,5570,7,3,10
5560,5561,5,0,1
5562,5563,8,0,1
5562,5563,5,2,1
5564,5565,3,0,1
5565,5569,6,1,4
5565,5566,5,1,1
5567,5570,7,0,3
5568,5570,7,2,2
5569,5570,5,1,1
5570,5572,2,3,2
5570,5571,5,1,1
5570,5578,6,2,8
5573,5574,8,5,1
5574,5575,0,2,1
5575,5579,5,1,4
5575,5577,2,2,2
5576,5577,0,1,1
5578,5579,5,1,1
5579,5580,4,0,1
5580,5586,7,1,6
5580,5581,3,1,1
5580,5590,4,6,10
5580,5582,5,0,2
5581,5582,1,1,1
5582,5583,4,1,1
5584,5585,5,0,1
5585,5586,9,2,1
5585,5587,6,0,2
5586,5588,3,2,2
5588,5590,3,0,2
5589,5590,2,0,1
5590,5594,3,3,4
5590,5591,5,0,1
5590,5598,5,6,8
5591,5592,7,1,1
5594,5595,5,3,1
5595,5599,2,1,4
5595,5596,4,0,1
5596,5597,2,0,1
5597,5598,3,2,1
5597,5598,0,2,1
5598,5599,7,1,1
5599,5600,1,0,1
5600,5606,9,2,6
5600,5608,6,1,8
5601,5602,2,0,1
5602,5604,2,0,2
5603,5604,4,3,1
5604,5605,5,4,1
5605,5609,3,2,4
5606,5607,2,0,1
5607,5608,6,0,1
5607,5608,5,4,1
5608,5610,4,1,2
5609,5610,7,0,1
5610,5615,0,1,5
5610,5618,5,0,8
5610,5611,5,1,1
5611,5612,7,3,1
5614,5615,1,0,1
5614,5616,3,6,2
5615,5620,2,1,5
5615,5616,2,4,1
5616,5617,3,1,1
5616,5618,9,3,2
5617,5618,9,4,1
5618,5619,9,1,1
5618,5619,0,0,1
5620,5624,7,1,4
5620,5628,5,0,8
5625,5631,6,3,6
5625,5626,0,1,1
5625,5627,2,3,2
5626,5627,3,0,1
5627,5628,3,1,1
5627,5628,6,4,1
5628,5629,2,0,1
5629,5631,0,1,2
5630,5635,3,1,5
5630,5641,9,5,11
5634,5635,7,1,1
5635,5636,1,3,1
5635,5636,4,0,1
5637,5638,3,1,1
5638,5639,1,2,1
5640,5646,2,1,6
5640,5641,3,0,1
5640,5650,4,1,10
5642,5643,3,2,1
5643,5644,4,6,1
5644,5645,4,1,1
5644,5646,4,0,2
5645,5649,6,3,4
5645,5647,8,4,2
5646,5647,9,1,1
5646,5647,6,4,1
5647,5648,4,1,1
5647,5648,7,5,1
5648,5649,2,1,1
5649,5650,5,1,1
5649,5650,5,3,1
5650,5655,6,2,5
5650,5651,6,0,1
5650,5660,5,3,10
5651,5652,6,0,1
5652,5653,3,1,1
5652,5653,4,4,1
5653,5654,6,0,1
5655,5661,9,1,6
5655,5656,4,1,1
5655,5657,4,4,2
5656,5657,4,3,1
5656,5658,6,0,2
5657,5659,3,1,2
5658,5659,2,1,1
5658,5660,2,7,2
5659,5660,4,1,1
5660,5664,5,2,4
5660,5669,4,4,9
5661,5662,5,2,1
5662,5663,8,2,1
5663,5664,0,1,1
5664,5665,7,0,1
5665,5666,5,0,1
5665,5667,8,1,2
5666,5670,3,0,4
5666,5667,3,0,1
5666,5667,5,3,1
5667,5668,5,2,1
5668,5670,3,3,2
5669,5670,4,0,1
5669,5671,0,4,2
5670,5672,2,0,2
5670,5680,4,2,10
5671,5672,4,0,1
5671,5672,6,3,1
5672,5673,6,0,1
5673,5674,3,0,1
5673,5674,3,3,1
5674,5675,7,0,1
5674,5675,3,4,1
5675,5678,4,0,3
5675,5676,7,0,1
5675,5676,4,2,1
5676,5677,2,0,1
5676,5677,4,1,1
5677,5678,5,1,1
5677,5678,5,0,1
5678,5679,2,3,1
5679,5681,4,4,2
5680,5684,6,1,4
5680,5681,7,1,1
5680,5691,3,4,11
5682,5683,8,3,1
5684,5686,3,4,2
5685,5690,5,2,5
5685,5686,3,1,1
5686,5687,5,0,1
5686,5687,4,2,1
5688,5690,7,4,2
5689,5690,4,3,1
5690,5697,2,3,7
5690,5691,9,2,1
5690,5700,7,5,10
5690,5692,7,5,2
5691,5694,2,4,3
5692,5693,6,1,1
5692,5693,0,3,1
5693,5694,6,0,1
5693,5694,0,5,1
5694,5695,2,1,1
5694,5696,7,2,2
5695,5702,4,0,7
5697,5698,5,0,1
5699,5700,3,0,1
5699,5701,8,0,2
5700,5701,4,3,1
5700,5709,9,0,9
5700,5701,7,2,1
5701,5703,7,2,2
5702,5703,1,0,1
5702,5704,9,3,2
5703,5704,7,0,1
5704,5705,3,1,1
5704,5705,7,2,1
5705,5709,1,1,4
5705,5707,5,1,2
5706,5707,6,0,1
5707,5708,4,0,1
5708,5709,3,1,1
5709,5711,5,0,2
5710,5717,4,0,7
5710,5711,5,1,1
5710,5719,1,1,9
5710,5713,3,0,3
5711,5712,5,1,1
5712,5714,5,0,2
5713,5714,5,2,1
5714,5715,5,0,1
5715,5717,6,4,2
5716,5726,6,1,10
5717,5718,6,0,1
5719,5720,6,0,1
5720,5727,0,4,7
5720,5729,0,0,9
5721,5722,5,1,1
5721,5722,4,2,1
5722,5724,2,0,2
5724,5725,3,0,1
5725,5730,3,2,5
5725,5726,3,1,1
5725,5726,4,0,1
5726,5727,7,2,1
5728,5729,4,5,1
5730,5734,6,1,4
5730,5731,4,0,1
5730,5741,9,4,11
5731,5732,6,1,1
5731,5733,6,2,2
5732,5733,7,0,1
5732,5733,3,4,1
5733,5734,6,1,1
5734,5735,0,0,1
5735,5740,5,3,5
5735,5736,9,5,1
5736,5737,5,1,1
5736,5737,6,2,1
5737,5738,3,0,1
5737,5739,1,5,2
5738,5739,6,0,1
5738,5739,4,5,1
5739,5740,6,0,1
5740,5750,0,2,10
5740,5751,8,1,11
5742,5744,4,0,2
5742,5744,5,4,2
5743,5744,1,2,1
5744,5745,0,0,1
5745,5748,6,2,3
5745,5747,6,0,2
5746,5747,6,1,1
5747,5748,8,4,1
5749,5750,5,1,1
5750,5751,3,3,1
5750,5761,4,5,11
5751,5752,4,2,1
5751,5752,6,4,1
5752,5753,0,5,1
5753,5754,1,1,1
5754,5755,2,2,1
5755,5759,3,2,4
5756,5757,6,3,1
5757,5758,3,3,1
5758,5759,1,0,1
5759,5760,5,0,1
5760,5766,4,3,6
5760,5761,2,1,1
5760,5770,3,2,10
5761,5763,4,2,2
5762,5763,2,0,1
5762,5763,4,5,1
5763,5765,4,4,2
5765,5771,9,2,6
5765,5766,0,2,1
5765,5767,5,0,2
5766,5767,3,1,1
5766,5768,6,3,2
5767,5768,4,0,1
5767,5768,8,2,1
5768,5769,0,1,1
5769,5771,6,5,2
5770,5774,1,3,4
5770,5779,6,3,9
5771,5772,0,0,1
5772,5773,1,0,1
5772,5773,3,1,1
5773,5774,0,0,1
5773,5774,4,4,1
5775,5778,5,1,3
5777,5778,0,0,1
5777,5778,7,4,1
5778,5779,6,6,1
5779,5780,2,0,1
5780,5781,7,1,1
5780,5789,9,3,9
5781,5782,5,1,1
5782,5783,7,3,1
5783,5784,4,2,1
5784,5785,3,2,1
5785,5789,4,3,4
5785,5787,3,1,2
5786,5787,3,0,1
5786,5787,3,1,1
5788,5789,6,0,1
5789,5790,7,2,1
5790,5796,8,1,6
5790,5791,4,0,1
5790,5797,4,2,7
5791,5792,8,6,1
5793,5794,6,0,1
5794,5795,7,0,1
5794,5796,6,4,2
5796,5803,7,3,7
5796,5797,9,2,1
5798,5799,0,0,1
5798,5800,6,2,2
5800,5809,2,0,9
5800,5809,8,1,9
5802,5805,2,2,3
5803,5804,9,2,1
5804,5805,7,2,1
5804,5805,2,2,1
5805,5811,4,1,6
5806,5807,2,2,1
5807,5808,5,0,1
5808,5809,3,1,1
5809,5811,1,0,2
5810,5816,0,0,6
5810,5821,4,4,11
5810,5811,8,4,1
5811,5812,4,0,1
5811,5812,3,0,1
5812,5813,6,2,1
5813,5814,6,1,1
5813,5814,6,4,1
5814,5816,3,3,2
5815,5818,2,1,3
5816,5817,1,5,1
5817,5818,4,3,1
5818,5819,4,1,1
5819,5820,6,2,1
5820,5821,2,2,1
5820,5829,3,2,9
5820,5822,0,3,2
5821,5825,2,1,4
5821,5822,4,0,1
5821,5822,4,1,1
5822,5823,4,6,1
5823,5824,6,1,1
5823,5825,2,4,2
5824,5825,5,1,1
5824,5825,5,3,1
5825,5828,1,0,3
5825,5826,5,3,1
5828,5829,4,4,1
5830,5833,6,2,3
5830,5840,3,0,10
5830,5831,7,2,1
5831,5832,6,1,1
5831,5832,2,6,1
5832,5833,6,1,1
5833,5834,5,1,1
5835,5836,1,1,1
5835,5837,4,7,2
5836,5837,4,0,1
5837,5838,5,0,1
5838,5839,0,0,1
5839,5840,8,0,1
5839,5840,0,5,1
5840,5850,9,0,10
5840,5841,5,4,1
5841,5844,4,1,3
5841,5842,9,0,1
5841,5844,3,6,3
5842,5843,5,0,1
5843,5845,7,5,2
5844,5846,6,9,2
5845,5852,9,0,7
5846,5847,1,0,1
5847,5848,4,1,1
5847,5848,5,5,1
5848,5849,5,0,1
5849,5850,4,0,1
5849,5850,3,5,1
5850,5852,3,0,2
5850,5851,1,1,1
5850,5861,4,3,11
5850,5851,3,2,1
5851,5852,7,1,1
5851,5852,7,1,1
5852,5853,0,2,1
5853,5854,7,7,1
5854,5855,8,0,1
5855,5859,4,2,4
5855,5856,0,0,1
5856,5857,5,0,1
5857,5858,8,0,1
5858,5859,3,3,1
5859,5860,7,0,1
5860,5862,3,2,2
5860,5861,5,2,1
5860,5871,5,0,11
5860,5861,5,0,1
5861,5862,7,2,1
5861,5862,3,3,1
5862,5864,2,4,2
5863,5865,3,0,2
5863,5864,7,1,1
5864,5866,5,1,2
5865,5872,2,1,7
5865,5866,7,3,1
5866,5867,1,1,1
5867,5868,5,0,1
5868,5869,4,1,1
5869,5870,5,1,1
5870,5873,8,3,3
5870,5871,4,0,1
5870,5880,2,2,10
5870,5871,6,2,1
5872,5873,7,0,1
5872,5874,5,4,2
5875,5881,4,2,6
5875,5877,3,1,2
5876,5877,5,3,1
5877,5878,4,1,1
5878,5879,4,1,1
5879,5880,2,0,1
5879,5880,5,5,1
5880,5882,9,3,2
5880,5881,3,2,1
5880,5890,9,7,10
5881,5882,6,1,1
5881,5884,7,0,3
5882,5883,3,1,1
5882,5883,5,4,1
5883,5884,6,1,1
5883,5885,1,0,2
5884,5885,9,1,1
5884,5885,5,4,1
5885,5889,8,1,4
5885,5886,1,5,1
5886,5887,3,1,1
5887,5888,7,0,1
5887,5888,2,3,1
5888,5890,3,4,2
5890,5895,3,1,5
5890,5899,7,0,9
5890,5891,9,3,1
5891,5893,4,5,2
5893,5894,2,1,1
5894,5895,5,4,1
5895,5896,7,0,1
5895,5897,2,1,2
5896,5897,1,2,1
5896,5897,2,6,1
5897,5898,0,0,1
5899,5901,0,0,2
5900,5905,6,1,5
5900,5901,3,2,1
5900,5910,4,4,10
5900,5901,5,3,1
5901,5902,5,1,1
5901,5903,5,3,2
5902,5903,5,5,1
5903,5904,6,0,1
5904,5905,5,2,1
5904,5905,4,5,1
5905,5907,1,2,2
5905,5906,3,2,1
5906,5907,2,1,1
5906,5909,6,7,3
5907,5908,1,0,1
5909,5910,4,0,1
5909,5910,5,1,1
5910,5920,4,1,10
5911,5917,3,1,6
5911,5912,1,0,1
5912,5913,8,0,1
5912,5913,9,1,1
5914,5915,6,2,1
5915,5916,5,0,1
5916,5920,7,3,4
5916,5917,4,6,1
5917,5918,3,2,1
5920,5921,7,2,1
5920,5930,1,3,10
5921,5922,9,1,1
5921,5922,5,5,1
5922,5923,8,0,1
5924,5925,7,2,1
5924,5925,2,3,1
5925,5926,5,1,1
5925,5926,5,0,1
5926,5927,1,5,1
5929,5930,6,1,1
5930,5941,4,0,11
5930,5940,3,0,10
5932,5933,4,0,1
5932,5933,4,2,1
5933,5934,4,0,1
5933,5935,4,4,2
5934,5935,6,1,1
5934,5935,0,2,1
5935,5941,7,2,6
5936,5937,5,3,1
5937,5939,1,2,2
5938,5939,2,0,1
5938,5939,0,4,1
5939,5941,0,6,2
5940,5943,6,1,3
5940,5949,3,3,9
5940,5941,5,5,1
5941,5942,6,4,1
5942,5943,6,2,1
5943,5944,3,0,1
5944,5945,4,0,1
5945,5951,8,1,6
5946,5947,6,2,1
5946,5949,4,5,3
5947,5948,3,2,1
5947,5948,5,0,1
5948,5949,0,0,1
5949,5950,4,6,1
5950,5955,6,2,5
5950,5960,6,5,10
5950,5951,6,2,1
5951,5952,3,0,1
5952,5953,4,2,1
5954,5955,0,0,1
5955,5962,9,1,7
5955,5956,1,0,1
5956,5958,1,1,2
5957,5958,2,0,1
5959,5960,6,2,1
5960,5964,7,3,4
5960,5970,6,1,10
5961,5963,5,1,2
5962,5963,6,0,1
5963,5964,7,4,1
5963,5964,2,7,1
5964,5965,1,2,1
5964,5966,3,2,2
5965,5971,9,3,6
5965,5966,0,0,1
5968,5969,1,0,1
5969,5970,1,2,1
5970,5971,5,1,1
5970,5981,3,2,11
5971,5972,4,2,1
5972,5973,3,1,1
5974,5975,7,0,1
5975,5981,4,1,6
5975,5976,5,0,1
5975,5977,4,3,2
5976,5977,7,0,1
5976,5977,5,3,1
5977,5978,5,1,1
5979,5980,7,1,1
5980,5983,3,1,3
5980,5989,3,4,9
5980,5982,6,6,2
5982,5983,3,2,1
5982,5983,2,5,1
5983,5984,5,4,1
5984,5985,7,0,1
5984,5985,2,1,1
5985,5989,2,2,4
5985,5986,4,0,1
5986,5987,3,0,1
5986,5987,5,7,1
5989,5990,4,0,1
5989,5991,2,5,2
5990,5996,5,0,6
5990,5999,4,2,9
5991,5992,0,1,1
5991,5992,4,1,1
5992,5993,5,7,1
5993,5994,1,0,1
5995,5998,5,0,3
5995,5996,9,0,1
5997,5998,7,0,1
5997,6000,4,2,3
5998,5999,9,0,1
5998,6000,6,4,2
5999,6001,3,0,2
6000,6001,4,0,1
6000,6008,9,6,8
6000,6001,2,4,1
6001,6002,3,1,1
6001,6002,5,2,1
6002,6003,5,2,1
6003,6004,3,1,1
6003,6005,4,4,2
6004,6005,7,1,1
6005,6010,6,2,5
6005,6006,3,0,1
6007,6008,2,0,1
6007,6008,4,3,1
6008,6009,2,0,1
6009,6010,1,1,1
6010,6016,5,0,6
6010,6018,9,3,8
6010,6011,4,3,1
6011,6012,0,2,1
6012,6013,4,2,1
6012,6013,3,6,1
6013,6014,0,1,1
6014,6015,8,1,1
6015,6018,9,3,3
6015,6016,1,2,1
6016,6017,7,0,1
6016,6018,6,0,2
6017,6018,6,1,1
6018,6019,5,3,1
6020,6026,3,2,6
6020,6027,5,3,7
6022,6023,5,0,1
6025,6038,4,2,13
6025,6026,0,0,1
6026,6027,7,1,1
6026,6027,6,5,1
6027,6028,5,3,1
6028,6029,7,4,1
6030,6032,9,2,2
6030,6031,2,1,1
6030,6039,0,2,9
6031,6032,8,1,1
6031,6033,4,5,2
6032,6033,6,1,1
6034,6035,6,1,1
6034,6035,0,3,1
6035,6037,3,1,2
6035,6036,4,2,1
6036,6037,0,1,1
6039,6040,3,0,1
6039,6040,4,2,1
6040,6045,7,2,5
6040,6048,6,3,8
6040,6041,2,4,1
6041,6042,2,3,1
6042,6043,7,2,1
6044,6045,6,0,1
6045,6052,9,1,7
6045,6046,3,1,1
6048,6049,2,3,1
6049,6050,7,6,1
6050,6057,1,0,7
6050,6051,6,3,1
6050,6061,7,6,11
6050,6051,6,3,1
6051,6052,5,4,1
6052,6053,4,5,1
6053,6054,3,1,1
6054,6055,3,2,1
6055,6061,9,1,6
6055,6056,2,1,1
6055,6056,1,0,1
6056,6057,4,0,1
6056,6057,3,0,1
6057,6058,0,4,1
6058,6059,3,0,1
6059,6060,5,0,1
6060,6064,4,1,4
6060,6061,6,1,1
6060,6070,7,2,10
6063,6064,8,1,1
6065,6068,1,1,3
6065,6066,3,0,1
6065,6067,2,0,2
6067,6068,2,1,1
6068,6069,3,1,1
6068,6069,6,4,1
6069,6070,4,1,1
6069,6070,1,0,1
6070,6077,3,3,7
6070,6071,5,0,1
6070,6080,4,3,10
6071,6072,5,0,1
6072,6073,7,0,1
6072,6073,2,5,1
6074,6075,6,1,1
6074,6075,2,4,1
6075,6083,2,1,8
6076,6077,6,0,1
6077,6078,5,0,1
6077,6078,7,1,1
6078,6079,2,0,1
6080,6085,3,2,5
6080,6081,6,0,1
6080,6089,4,2,9
6081,6082,9,0,1
6081,6082,2,3,1
6082,6083,4,0,1
6083,6084,3,1,1
6083,6084,5,1,1
6084,6085,5,1,1
6084,6085,6,5,1
6086,6091,3,2,5
6086,6087,3,0,1
6086,6087,4,0,1
6087,6088,6,1,1
6088,6089,9,3,1
6090,6095,9,1,5
6090,6091,4,1,1
6090,6099,5,2,9
6090,6091,0,2,1
6091,6092,4,1,1
6092,6093,6,2,1
6093,6094,6,0,1
6094,6095,5,1,1
6094,6095,5,5,1
6095,6101,8,2,6
6095,6097,2,0,2
6095,6096,6,1,1
6096,6097,6,0,1
6096,6098,4,0,2
6097,6098,4,0,1
6097,6098,4,4,1
6099,6100,4,1,1
6099,6101,6,2,2
6100,6106,6,2,6
6100,6101,3,0,1
6100,6111,3,5,11
6100,6102,5,2,2
6101,6102,6,1,1
6101,6104,5,0,3
6102,6103,6,1,1
6103,6105,6,5,2
6104,6105,4,1,1
6105,6111,9,1,6
6106,6107,7,2,1
6106,6108,7,1,2
6108,6109,8,0,1
6108,6109,5,0,1
6109,6110,0,0,1
6109,6110,4,1,1
6110,6112,3,1,2
6110,6111,1,0,1
6110,6119,2,5,9
6111,6112,7,1,1
6112,6113,3,2,1
6112,6113,4,1,1
6113,6115,4,4,2
6114,6115,0,0,1
6114,6115,7,1,1
6115,6122,9,4,7
6115,6116,0,0,1
6116,6118,4,4,2
6118,6119,4,5,1
6119,6120,5,2,1
6120,6121,1,1,1
6120,6130,7,1,10
6120,6122,1,3,2
6122,6123,5,2,1
6123,6124,4,0,1
6124,6125,5,0,1
6125,6128,4,2,3
6125,6126,2,2,1
6126,6127,4,0,1
6127,6128,3,3,1
6128,6129,5,0,1
6130,6131,4,2,1
6130,6139,5,1,9
6131,6132,6,1,1
6131,6132,3,3,1
6132,6133,7,0,1
6133,6134,1,4,1
6134,6135,4,3,1
6135,6136,8,0,1
6136,6137,1,6,1
6137,6138,7,0,1
6137,6138,5,2,1
6139,6140,0,0,1
6140,6147,5,3,7
6140,6149,5,6,9
6141,6142,2,1,1
6141,6143,3,4,2
6142,6143,7,4,1
6143,6144,5,0,1
6144,6146,6,3,2
6145,6149,3,1,4
6145,6146,5,0,1
6146,6148,4,3,2
6147,6148,4,0,1
6147,6148,4,1,1
6148,6149,1,0,1
6149,6150,2,2,1
6149,6151,1,4,2
6150,6153,8,0,3
6150,6160,9,4,10
6151,6152,5,0,1
6152,6153,8,1,1
6153,6154,8,1,1
6154,6155,7,1,1
6154,6155,0,1,1
6155,6160,8,3,5
6155,6156,7,0,1
6155,6156,1,3,1
6157,6158,6,1,1
6158,6159,6,0,1
6159,6160,9,1,1
6160,6166,9,1,6
6160,6171,0,3,11
6161,6162,3,0,1
6162,6163,2,1,1
6163,6164,6,0,1
6164,6165,5,1,1
6165,6171,9,0,6
6165,6166,4,0,1
6167,6168,4,1,1
6168,6169,5,0,1
6168,6170,7,1,2
6169,6170,8,0,1
6169,6170,3,3,1
6170,6176,6,1,6
6170,6180,5,5,10
6171,6172,0,2,1
6172,6173,4,0,1
6173,6174,8,1,1
6173,6174,3,3,1
6174,6175,5,3,1
6175,6182,5,1,7
6175,6176,1,2,1
6175,6176,5,0,1
6177,6178,2,1,1
6177,6179,3,0,2
6178,6179,3,0,1
6179,6180,3,2,1
6179,6180,4,1,1
6180,6185,8,0,5
6180,6191,3,2,11
6182,6185,7,4,3
6183,6184,4,5,1
6185,6188,2,1,3
6185,6186,2,0,1
6187,6188,5,2,1
6188,6189,3,2,1
6188,6190,4,4,2
6189,6190,7,0,1
6190,6196,3,2,6
6190,6199,4,0,9
6190,6192,8,6,2
6191,6192,3,0,1
6191,6192,5,0,1
6192,6193,1,1,1
6192,6193,1,2,1
6194,6196,8,2,2
6195,6201,2,0,6
6195,6197,7,0,2
6195,6196,3,4,1
6196,6197,3,0,1
6196,6198,5,1,2
6198,6200,5,0,2
6199,6200,1,5,1
6200,6203,3,1,3
6200,6209,5,3,9
6201,6202,7,0,1
6202,6203,8,0,1
6204,6205,6,1,1
6204,6207,5,0,3
6205,6212,2,1,7
6205,6206,6,0,1
6206,6207,6,0,1
6207,6209,0,6,2
6209,6210,2,4,1
6210,6214,1,2,4
6210,6221,6,3,11
6210,6211,6,1,1
6212,6213,5,2,1
6213,6214,9,0,1
6213,6214,5,4,1
6214,6215,8,5,1
6215,6216,3,2,1
6215,6216,6,0,1
6215,6216,7,3,1
6216,6217,5,0,1
6217,6218,7,0,1
6217,6219,8,0,2
6218,6219,4,0,1
6220,6226,5,2,6
6220,6221,8,2,1
6220,6230,3,2,10
6220,6222,4,2,2
6221,6222,5,0,1
6222,6223,3,0,1
6222,6223,1,2,1
6224,6225,7,0,1
6225,6227,5,2,2
6226,6227,3,1,1
6227,6228,3,4,1
6228,6230,5,5,2
6229,6230,1,1,1
6230,6241,2,2,11
6230,6231,3,0,1
6230,6239,3,0,9
6231,6232,5,1,1
6231,6233,1,3,2
6233,6234,7,0,1
6234,6236,2,2,2
6235,6242,6,3,7
6235,6236,8,0,1
6235,6237,2,0,2
6236,6238,6,3,2
6237,6239,6,2,2
6238,6239,0,0,1
6238,6239,6,1,1
6239,6240,5,5,1
6240,6247,4,3,7
6240,6250,3,6,10
6240,6241,4,2,1
6241,6243,5,3,2
6242,6243,7,2,1
6243,6244,3,0,1
6243,6244,3,3,1
6244,6245,9,1,1
6245,6251,2,0,6
6246,6247,9,0,1
6247,6248,5,0,1
6247,6248,4,4,1
6250,6256,4,1,6
6250,6251,3,1,1
6250,6261,6,0,11
6250,6251,2,2,1
6251,6252,8,0,1
6251,6252,5,2,1
6252,6253,3,1,1
6252,6253,4,0,1
6253,6254,4,1,1
6253,6254,7,1,1
6254,6255,6,1,1
6255,6259,6,2,4
6256,6257,5,1,1
6256,6258,8,0,2
6257,6258,3,2,1
6258,6259,6,1,1
6259,6260,8,2,1
6260,6264,0,3,4
6260,6261,8,0,1
6260,6270,1,4,10
6260,6261,5,2,1
6262,6263,1,0,1
6264,6265,2,0,1
6265,6270,3,2,5
6265,6266,5,0,1
6265,6267,4,4,2
6266,6267,3,1,1
6266,6267,4,3,1
6267,6269,5,0,2
6267,6268,8,2,1
6268,6270,9,0,2
6269,6270,0,0,1
6270,6276,4,3,6
6270,6278,0,3,8
6271,6272,5,0,1
6272,6273,7,1,1
6273,6274,7,0,1
6273,6274,8,3,1
6274,6275,3,2,1
6275,6276,6,1,1
6276,6282,4,4,6
6278,6279,2,0,1
6278,6279,6,3,1
6279,6280,1,1,1
6279,6281,3,2,2
6280,6287,3,2,7
6280,6281,9,1,1
6280,6290,3,0,10
6281,6282,3,0,1
6282,6283,2,2,1
6282,6283,3,1,1
6283,6285,1,2,2
6284,6285,4,5,1
6285,6289,7,2,4
6286,6287,5,0,1
6286,6288,2,0,2
6287,6288,5,0,1
6288,6289,1,2,1
6289,6290,3,1,1
6290,6295,6,2,5
6290,6291,3,1,1
6290,6300,7,2,10
6290,6292,5,3,2
6291,6292,8,1,1
6292,6293,7,1,1
6295,6301,5,2,6
6295,6296,7,3,1
6296,6297,4,0,1
6297,6298,3,0,1
6297,6298,5,3,1
6298,6299,7,4,1
6300,6302,9,2,2
6300,6309,8,6,9
6300,6301,4,3,1
6302,6303,4,2,1
6303,6304,1,0,1
6303,6304,4,3,1
6304,6305,6,1,1
6304,6305,6,5,1
6305,6308,7,4,3
6305,6308,3,2,3
6306,6308,7,3,2
6307,6309,6,3,2
6308,6309,5,1,1
6309,6310,4,3,1
6309,6311,4,1,2
6310,6314,6,1,4
6310,6311,2,0,1
6310,6320,4,3,10
6310,6311,4,0,1
6312,6313,3,5,1
6313,6314,2,1,1
6315,6321,6,1,6
6315,6316,6,0,1
6315,6317,4,3,2
6316,6317,5,3,1
6317,6318,5,0,1
6318,6322,4,4,4
6319,6320,4,1,1
6319,6320,6,3,1
6320,6322,0,0,2
6320,6321,4,1,1
6320,6329,3,4,9
6321,6323,4,4,2
6324,6325,3,1,1
6324,6325,4,0,1
6325,6332,8,3,7
6325,6326,6,0,1
6325,6327,4,4,2
6326,6327,3,2,1
6327,6328,1,1,1
6329,6330,6,0,1
6329,6330,2,5,1
6330,6336,4,2,6
6330,6339,4,3,9
6332,6333,2,0,1
6332,6333,7,3,1
6334,6335,4,1,1
6334,6335,3,2,1
6335,6339,6,2,4
6335,6337,0,4,2
6339,6340,4,1,1
6340,6342,2,3,2
6340,6341,7,0,1
6340,6349,3,3,9
6341,6342,5,1,1
6341,6344,3,3,3
6343,6344,5,0,1
6343,6345,1,1,2
6345,6353,9,2,8
6345,6346,6,3,1
6346,6347,8,0,1
6347,6348,9,2,1
6347,6348,2,3,1
6348,6349,3,0,1
6348,6349,3,5,1
6349,6350,3,1,1
6350,6355,2,2,5
6350,6360,5,4,10
6351,6353,6,2,2
6353,6354,1,0,1
6354,6355,4,2,1
6355,6363,7,1,8
6355,6356,4,3,1
6357,6358,3,0,1
6357,6358,5,8,1
6358,6359,1,1,1
6360,6366,5,0,6
6360,6370,2,3,10
6360,6362,8,0,2
6361,6362,5,1,1
6361,6362,4,5,1
6362,6363,2,1,1
6363,6364,8,2,1
6364,6365,5,1,1
6364,6366,3,3,2
6365,6370,4,1,5
6365,6366,7,1,1
6366,6367,7,1,1
6367,6369,6,5,2
6368,6369,7,0,1
6368,6370,6,1,2
6370,6373,6,1,3
6370,6379,9,0,9
6371,6372,3,5,1
6372,6373,7,2,1
6373,6374,5,1,1
6374,6375,9,2,1
6374,6376,9,2,2
6375,6381,9,1,6
6375,6376,3,1,1
6378,6379,5,3,1
6379,6380,9,1,1
6379,6380,4,3,1
6380,6388,4,2,8
6380,6388,7,1,8
6381,6382,9,3,1
6382,6383,6,3,1
6384,6385,5,1,1
6384,6385,7,2,1
6385,6392,3,1,7
6385,6386,5,7,1
6386,6387,4,0,1
6387,6388,5,2,1
6387,6390,9,2,3
6388,6389,1,3,1
6389,6390,5,0,1
6389,6390,7,7,1
6390,6395,7,2,5
6390,6399,3,3,9
6390,6391,7,1,1
6391,6392,5,0,1
6392,6393,3,0,1
6392,6393,2,4,1
6393,6394,4,2,1
6394,6395,4,1,1
6394,6395,0,3,1
6395,6397,5,2,2
6395,6396,4,1,1
6396,6397,7,5,1
6397,6398,5,0,1
6397,6398,1,4,1
6398,6399,1,0,1
6399,6400,2,1,1
6400,6405,5,3,5
6400,6402,1,1,2
6400,6410,4,5,10
6401,6402,4,0,1
6401,6402,5,3,1
6405,6413,7,1,8
6405,6406,5,3,1
6407,6408,5,0,1
6407,6408,3,2,1
6408,6409,8,0,1
6408,6409,0,6,1
6409,6410,3,1,1
6409,6410,0,1,1
6410,6419,2,1,9
6410,6420,8,0,10
6411,6412,9,2,1
6412,6414,5,4,2
6413,6415,4,1,2
6414,6415,6,2,1
6414,6417,6,1,3
6415,6416,2,0,1
6415,6416,7,0,1
6416,6423,6,1,7
6416,6417,4,2,1
6419,6420,3,1,1
6420,6421,6,0,1
6420,6431,1,5,11
6421,6422,5,1,1
6421,6423,8,0,2
6422,6423,5,1,1
6423,6424,4,1,1
6424,6425,6,1,1
6425,6432,5,1,7
6427,6428,5,1,1
6430,6431,4,3,1
6430,6438,7,3,8
6430,6431,5,1,1
6433,6434,2,1,1
6434,6435,5,2,1
6434,6436,8,0,2
6435,6441,3,0,6
6435,6436,9,6,1
6437,6438,4,2,1
6438,6439,7,2,1
6438,6439,6,3,1
6439,6440,6,6,1
6440,6443,6,2,3
6440,6449,5,3,9
6440,6441,9,2,1
6441,6442,6,2,1
6441,6442,5,4,1
6442,6444,5,3,2
6444,6445,6,1,1
6445,6451,6,3,6
6447,6448,6,0,1
6447,6448,7,3,1
6448,6449,8,1,1
6449,6450,7,1,1
6450,6452,6,2,2
6450,6459,4,3,9
6450,6451,1,4,1
6451,6452,5,0,1
6451,6453,8,4,2
6452,6455,0,4,3
6454,6455,3,0,1
6455,6463,4,1,8
6455,6456,4,4,1
6456,6457,9,0,1
6457,6459,2,0,2
6459,6460,5,4,1
6460,6465,5,2,5
6460,6461,7,1,1
6460,6469,3,3,9
6462,6463,1,2,1
6463,6464,9,2,1
6464,6465,5,1,1
6465,6470,0,2,5
6465,6466,6,0,1
6466,6467,5,0,1
6466,6467,9,2,1
6468,6469,8,0,1
6468,6470,0,4,2
6469,6470,2,3,1
6470,6473,0,1,3
6470,6471,1,0,1
6470,6480,3,4,10
6472,6473,3,2,1
6472,6473,1,2,1
6473,6474,7,1,1
6474,6475,7,2,1
6475,6476,3,0,1
6475,6476,8,1,1
6475,6476,3,2,1
6477,6478,7,0,1
6478,6479,0,1,1
6478,6479,4,5,1
6479,6480,3,0,1
6480,6484,4,1,4
6480,6490,4,3,10
6480,6481,1,0,1
6481,6482,3,2,1
6482,6483,3,0,1
6483,6484,5,0,1
6483,6484,3,0,1
6484,6485,6,0,1
6485,6496,4,1,11
6485,6486,1,1,1
6486,6487,5,0,1
6486,6487,1,1,1
6488,6489,3,1,1
6489,6490,5,4,1
6490,6496,3,0,6
6490,6491,8,0,1
6490,6500,2,3,10
6491,6493,0,2,2
6492,6493,5,6,1
6494,6496,6,4,2
6495,6496,7,2,1
6495,6496,2,0,1
6495,6496,6,3,1
6496,6497,6,2,1
6496,6497,5,2,1
6497,6498,5,0,1
6498,6499,6,1,1
6498,6499,3,5,1
6499,6500,3,0,1
6499,6500,7,5,1
6500,6504,9,1,4
6500,6501,5,1,1
6500,6508,2,0,8
6501,6503,5,1,2
6502,6504,4,2,2
6503,6504,2,1,1
6503,6504,3,2,1
6504,6505,4,0,1
6505,6508,4,2,3
6506,6507,7,1,1
6506,6508,3,3,2
6507,6508,1,2,1
6508,6509,1,4,1
6510,6513,5,2,3
6510,6511,1,0,1
6510,6518,6,8,8
6510,6511,5,3,1
6511,6512,7,1,1
6511,6512,4,1,1
6512,6513,1,1,1
6514,6516,1,3,2
6515,6527,1,1,12
6518,6519,7,1,1
6518,6519,3,5,1
6519,6520,6,5,1
6520,6527,0,2,7
6520,6521,1,0,1
6520,6528,9,2,8
6521,6523,4,1,2
6523,6524,7,0,1
6523,6525,4,4,2
6524,6527,7,4,3
6525,6526,3,1,1
6525,6526,6,0,1
6525,6526,2,4,1
6526,6527,4,0,1
6526,6528,2,1,2
6527,6529,5,4,2
6528,6530,5,0,2
6529,6530,7,2,1
6530,6535,7,2,5
6530,6531,9,0,1
6530,6542,0,2,12
6531,6532,9,1,1
6532,6533,8,3,1
6533,6534,2,3,1
6534,6536,2,4,2
6535,6546,4,3,11
6537,6538,2,2,1
6537,6539,4,5,2
6538,6540,2,8,2
6539,6542,2,2,3
6540,6543,5,1,3
6540,6549,5,0,9
6540,6541,4,2,1
6541,6542,4,0,1
6541,6542,4,0,1
6542,6543,3,2,1
6543,6544,0,3,1
6544,6545,5,0,1
6545,6548,5,1,3
6545,6546,5,0,1
6545,6547,6,5,2
6546,6548,9,0,2
6547,6550,4,1,3
6548,6549,2,0,1
6548,6549,3,1,1
6550,6556,2,3,6
6550,6561,4,0,11
6551,6553,1,0,2
6552,6553,9,0,1
6553,6554,6,0,1
6553,6554,7,3,1
6554,6555,4,1,1
6554,6555,4,2,1
6555,6558,4,1,3
6555,6556,4,0,1
6558,6559,3,3,1
6558,6559,4,0,1
6559,6560,2,0,1
6560,6566,0,2,6
6560,6561,7,0,1
6560,6569,2,4,9
6562,6563,4,1,1
6563,6564,3,0,1
6565,6569,3,0,4
6565,6566,1,0,1
6565,6566,5,6,1
6567,6568,2,0,1
6567,6568,9,0,1
6568,6569,1,0,1
6569,6570,0,0,1
6570,6572,3,1,2
6570,6571,2,1,1
6570,6579,8,0,9
6571,6572,0,2,1
6572,6573,7,0,1
6572,6573,9,2,1
6573,6574,3,0,1
6575,6579,3,2,4
6575,6576,2,3,1
6577,6578,4,4,1
6578,6579,7,0,1
6579,6581,5,3,2
6580,6586,9,1,6
6580,6590,0,2,10
6580,6581,5,0,1
6581,6582,5,1,1
6583,6584,4,0,1
6584,6585,6,1,1
6584,6585,5,2,1
6585,6594,8,0,9
6586,6587,5,3,1
6586,6587,0,3,1
6590,6594,5,1,4
6590,6600,6,1,10
6591,6592,5,1,1
6591,6594,3,3,3
6592,6593,0,4,1
6593,6594,8,0,1
6593,6594,7,0,1
6594,6596,0,3,2
6595,6598,1,1,3
6595,6596,3,5,1
6597,6598,6,0,1
6597,6601,7,5,4
6599,6600,1,0,1
6599,6601,3,1,2
6600,6604,4,0,4
6600,6610,8,1,10
6601,6602,5,1,1
6601,6602,1,4,1
6602,6603,4,0,1
6604,6605,6,5,1
6605,6613,5,2,8
6605,6606,3,3,1
6606,6607,1,1,1
6606,6607,4,2,1
6607,6609,6,6,2
6609,6610,1,1,1
6609,6611,6,2,2
6610,6613,1,1,3
6610,6620,7,3,10
6610,6612,5,2,2
6611,6612,5,1,1
6611,6612,2,3,1
6613,6615,5,3,2
6615,6619,0,2,4
6615,6616,2,1,1
6615,6616,6,1,1
6616,6617,5,4,1
6618,6620,2,3,2
6619,6620,5,1,1
6619,6620,2,4,1
6620,6626,6,1,6
6620,6629,5,0,9
6620,6621,2,5,1
6621,6622,5,0,1
6621,6622,3,1,1
6622,6623,5,0,1
6623,6624,6,2,1
6624,6625,7,1,1
6625,6631,0,2,6
6626,6627,4,1,1
6626,6627,4,3,1
6627,6629,7,0,2
6627,6628,0,3,1
6629,6630,3,0,1
6629,6630,5,5,1
6630,6634,7,3,4
6630,6631,9,0,1
6630,6641,4,1,11
6630,6632,9,6,2
6631,6633,8,6,2
6632,6633,3,0,1
6634,6635,9,1,1
6635,6639,2,2,4
6635,6636,5,2,1
6636,6637,1,1,1
6636,6638,2,3,2
6637,6638,5,0,1
6637,6638,9,3,1
6638,6639,6,1,1
6638,6639,0,0,1
6639,6640,2,0,1
6639,6640,9,6,1
6640,6643,3,3,3
6640,6649,5,2,9
6640,6641,3,0,1
6642,6644,4,0,2
6643,6645,3,3,2
6644,6645,5,1,1
6644,6645,6,5,1
6645,6651,3,2,6
6645,6646,4,0,1
6649,6650,8,0,1
6650,6656,5,2,6
6650,6658,6,6,8
6650,6652,6,2,2
6652,6653,2,1,1
6653,6654,6,2,1
6653,6656,4,5,3
6654,6655,2,3,1
6655,6662,4,1,7
6655,6656,4,1,1
6657,6658,6,3,1
6658,6659,7,2,1
6659,6660,5,1,1
6659,6660,3,2,1
6660,6669,0,2,9
6660,6661,7,2,1
6660,6669,5,2,9
6660,6663,5,4,3
6661,6662,2,0,1
6662,6663,0,1,1
6662,6664,0,2,2
6665,6671,8,1,6
6665,6666,4,1,1
6665,6666,4,3,1
6668,6669,1,0,1
6668,6669,6,3,1
6669,6670,7,1,1
6670,6675,3,1,5
6670,6672,4,0,2
6670,6680,2,0,10
6671,6672,7,0,1
6672,6673,2,3,1
6672,6674,7,4,2
6673,6674,7,1,1
6674,6675,5,0,1
6675,6676,5,1,1
6675,6676,6,0,1
6677,6678,9,1,1
6677,6678,3,5,1
6679,6680,5,1,1
6679,6680,3,4,1
6680,6682,9,2,2
6680,6688,3,0,8
6680,6681,3,3,1
6681,6682,4,0,1
6682,6683,4,0,1
6683,6684,0,0,1
6684,6686,4,4,2
6685,6686,6,1,1
6686,6691,6,1,5
6686,6688,5,2,2
6688,6689,6,0,1
6689,6690,8,5,1
6690,6700,1,2,10
6690,6700,8,4,10
6690,6691,4,0,1
6691,6692,4,0,1
6693,6694,8,3,1
6693,6694,5,3,1
6694,6695,5,2,1
6695,6707,7,2,12
6695,6696,4,2,1
6695,6697,1,6,2
6697,6699,6,0,2
6698,6699,8,0,1
6698,6699,4,0,1
6699,6700,4,3,1
6700,6705,4,0,5
6700,6709,6,0,9
6701,6702,3,1,1
6702,6703,5,0,1
6703,6704,6,2,1
6703,6704,3,3,1
6704,6705,8,3,1
6705,6712,2,3,7
6705,6706,7,4,1
6706,6707,6,0,1
6707,6708,5,2,1
6707,6708,4,2,1
6708,6709,9,5,1
6709,6710,4,1,1
6709,6710,1,7,1
6710,6714,0,3,4
6710,6711,8,0,1
6710,6718,1,2,8
6710,6712,3,0,2
6713,6714,5,0,1
6714,6715,4,0,1
6715,6720,5,3,5
6715,6716,2,0,1
6715,6716,4,2,1
6716,6717,4,1,1
6717,6719,5,0,2
6718,6719,5,2,1
6718,6719,2,3,1
6719,6720,8,0,1
6720,6723,9,2,3
6720,6721,3,0,1
6720,6729,4,2,9
6720,6722,7,3,2
6721,6722,3,3,1
6723,6724,7,1,1
6724,6726,3,4,2
6725,6730,2,3,5
6725,6726,0,1,1
6726,6727,6,0,1
6726,6728,3,2,2
6728,6730,5,1,2
6729,6730,7,0,1
6730,6742,3,0,12
6730,6731,7,0,1
6730,6739,9,3,9
6731,6732,6,1,1
6731,6734,2,3,3
6732,6733,7,0,1
6732,6733,6,1,1
6735,6736,9,2,1
6735,6736,5,0,1
6735,6736,3,6,1
6736,6737,4,0,1
6736,6737,5,0,1
6737,6738,0,2,1
6737,6738,9,3,1
6738,6739,4,0,1
6738,6740,4,3,2
6739,6740,6,1,1
6739,6740,4,1,1
6740,6745,8,0,5
6740,6741,0,1,1
6740,6752,9,5,12
6741,6742,2,0,1
6741,6743,5,3,2
6742,6743,9,0,1
6742,6743,2,3,1
6743,6744,3,0,1
6744,6745,5,0,1
6745,6747,5,1,2
6745,6747,1,5,2
6746,6747,8,3,1
6747,6748,4,0,1
6748,6749,0,0,1
6749,6750,4,2,1
6750,6755,8,2,5
6750,6752,7,1,2
6750,6760,9,0,10
6750,6751,3,5,1
6751,6753,7,5,2
6752,6753,5,0,1
6753,6754,3,3,1
6754,6755,6,2,1
6754,6757,2,2,3
6755,6760,9,2,5
6755,6756,0,2,1
6755,6756,4,5,1
6756,6758,7,4,2
6757,6758,5,3,1
6758,6759,3,0,1
6758,6759,2,0,1
6759,6761,3,3,2
6760,6764,3,2,4
6760,6769,4,0,9
6760,6762,6,4,2
6761,6763,1,5,2
6762,6763,8,2,1
6763,6764,2,1,1
6764,6765,2,0,1
6764,6765,3,3,1
6765,6770,3,0,5
6766,6767,8,1,1
6767,6769,0,1,2
6768,6769,3,1,1
6769,6771,3,4,2
6770,6773,4,1,3
6770,6779,5,0,9
6770,6771,6,3,1
6771,6772,2,0,1
6771,6774,6,8,3
6772,6774,9,3,2
6774,6775,8,0,1
6774,6775,0,2,1
6775,6783,6,1,8
6775,6776,0,1,1
6775,6776,6,1,1
6776,6777,5,0,1
6776,6778,7,4,2
6777,6779,5,4,2
6778,6779,1,0,1
6778,6779,5,3,1
6779,6780,6,4,1
6780,6782,5,2,2
6780,6781,6,0,1
6780,6790,3,2,10
6780,6782,5,2,2
6781,6782,9,2,1
6782,6783,7,0,1
6783,6784,6,1,1
6785,6789,5,1,4
6786,6788,0,2,2
6788,6790,6,1,2
6788,6789,4,3,1
6789,6790,7,0,1
6789,6790,8,2,1
6790,6797,2,0,7
6790,6798,5,4,8
6790,6791,6,5,1
6791,6792,3,1,1
6791,6792,7,6,1
6792,6793,3,0,1
6793,6794,3,1,1
6793,6795,5,3,2
6794,6795,1,0,1
6795,6800,0,0,5
6795,6796,6,3,1
6796,6797,3,0,1
6797,6798,2,2,1
6798,6799,2,0,1
6799,6800,3,0,1
6800,6810,3,1,10
6800,6809,3,1,9
6801,6802,3,0,1
6802,6803,4,0,1
6803,6804,7,1,1
6804,6805,9,6,1
6805,6806,2,2,1
6806,6813,4,2,7
6806,6807,4,0,1
6807,6808,7,2,1
6808,6809,6,1,1
6808,6809,5,0,1
6809,6810,3,1,1
6809,6810,0,3,1
6810,6812,6,1,2
6810,6821,5,0,11
6812,6813,0,2,1
6812,6814,1,2,2
6813,6814,5,2,1
6814,6815,6,2,1
6814,6815,5,4,1
6815,6823,8,2,8
6816,6817,4,1,1
6816,6817,1,1,1
6817,6818,6,0,1
6818,6819,5,1,1
6818,6819,7,1,1
6819,6820,4,0,1
6819,6821,1,1,2
6820,6822,7,2,2
6820,6832,7,3,12
6822,6823,4,0,1
6822,6824,0,4,2
6823,6824,8,1,1
6823,6824,5,3,1
6825,6828,6,1,3
6826,6827,3,2,1
6827,6829,6,1,2
6828,6829,4,1,1
6828,6829,1,2,1
6829,6830,1,0,1
6830,6835,5,2,5
6830,6831,5,1,1
6830,6840,3,0,10
6831,6832,3,2,1
6832,6833,5,2,1
6833,6834,4,1,1
6833,6834,4,2,1
6834,6835,4,1,1
6835,6836,1,2,1
6836,6841,4,0,5
6836,6837,7,0,1
6836,6837,5,1,1
6837,6838,6,0,1
6839,6841,4,0,2
6840,6845,4,1,5
6840,6841,3,1,1
6840,6849,6,1,9
6841,6842,3,2,1
6841,6842,0,0,1
6842,6843,2,1,1
6842,6843,6,5,1
6844,6845,8,3,1
6845,6849,5,1,4
6845,6847,7,1,2
6845,6847,2,1,2
6846,6847,6,4,1
6847,6848,2,2,1
6848,6849,2,1,1
6848,6849,5,0,1
6849,6850,4,4,1
6850,6855,2,0,5
6850,6861,5,1,11
6851,6852,9,2,1
6851,6852,6,0,1
6852,6853,3,4,1
6853,6854,4,0,1
6854,6855,2,0,1
6854,6855,5,0,1
6855,6858,7,3,3
6855,6857,8,2,2
6856,6857,6,1,1
6857,6858,7,5,1
6858,6859,5,4,1
6858,6859,4,4,1
6860,6863,1,1,3
6860,6868,5,3,8
6860,6861,7,6,1
6861,6862,2,1,1
6862,6863,9,0,1
6864,6866,5,5,2
6865,6867,1,2,2
6865,6866,3,0,1
6866,6868,2,1,2
6867,6868,6,0,1
6867,6868,6,4,1
6868,6869,1,0,1
6868,6869,7,1,1
6869,6871,3,1,2
6869,6871,3,2,2
6870,6872,8,2,2
6870,6880,7,3,10
6871,6872,4,1,1
6871,6873,0,6,2
6873,6874,3,0,1
6874,6875,3,1,1
6875,6881,2,2,6
6878,6879,8,4,1
6880,6887,8,4,7
6880,6881,1,0,1
6880,6890,0,5,10
6882,6883,3,2,1
6882,6883,5,1,1
6885,6893,8,1,8
6885,6886,4,9,1
6890,6898,5,0,8
6890,6899,5,3,9
6891,6892,5,0,1
6891,6894,1,3,3
6892,6893,4,2,1
6893,6894,6,0,1
6893,6895,9,1,2
6894,6895,6,0,1
6894,6895,3,2,1
6895,6899,5,2,4
6896,6897,9,1,1
6898,6900,5,0,2
6899,6900,6,4,1
6900,6905,4,0,5
6900,6910,1,5,10
6902,6904,4,1,2
6902,6903,7,3,1
6903,6904,6,1,1
6904,6905,6,0,1
6905,6910,0,1,5
6906,6908,4,1,2
6907,6908,7,0,1
6907,6908,1,4,1
6908,6909,8,0,1
6908,6909,3,1,1
6909,6910,4,1,1
6910,6914,7,1,4
6910,6921,2,2,11
6911,6912,0,2,1
6911,6912,5,0,1
6913,6914,5,1,1
6913,6914,5,3,1
6915,6927,4,2,12
6915,6916,5,1,1
6916,6917,3,0,1
6916,6917,7,3,1
6917,6920,0,1,3
6918,6919,4,4,1
6920,6926,7,0,6
6920,6921,4,0,1
6920,6927,9,3,7
6922,6923,6,1,1
6923,6924,2,0,1
6923,6924,4,6,1
6925,6927,1,5,2
6926,6929,2,0,3
6926,6927,2,0,1
6928,6930,9,5,2
6929,6930,2,1,1
6930,6933,4,2,3
6930,6931,1,0,1
6930,6940,5,2,10
6930,6931,3,6,1
6931,6932,6,0,1
6931,6932,4,2,1
6932,6934,7,5,2
6933,6934,5,0,1
6934,6935,5,0,1
6934,6935,2,1,1
6935,6937,5,3,2
6935,6939,4,1,4
6936,6938,5,5,2
6937,6938,5,5,1
6938,6939,7,3,1
6939,6940,5,1,1
6940,6944,0,1,4
6940,6950,5,1,10
6940,6944,3,4,4
6941,6942,2,0,1
6942,6943,6,6,1
6943,6944,4,0,1
6943,6944,2,3,1
6944,6945,5,1,1
6945,6950,5,3,5
6945,6946,6,0,1
6946,6947,4,1,1
6946,6947,5,3,1
6947,6950,5,0,3
6948,6949,2,2,1
6948,6949,6,7,1
6949,6950,8,3,1
6950,6953,6,2,3
6950,6957,9,0,7
6951,6952,3,1,1
6952,6953,4,0,1
6952,6954,2,5,2
6955,6958,4,2,3
6955,6956,6,0,1
6956,6957,8,3,1
6956,6957,2,3,1
6957,6958,1,4,1
6958,6959,4,0,1
6959,6960,5,1,1
6960,6967,6,1,7
6960,6961,0,0,1
6960,6968,8,3,8
6961,6962,7,3,1
6962,6964,1,1,2
6962,6963,4,0,1
6963,6964,9,0,1
6963,6964,7,6,1
6965,6971,6,2,6
6965,6966,2,2,1
6965,6966,4,7,1
6966,6967,6,4,1
6968,6969,7,4,1
6969,6971,3,6,2
6970,6975,4,2,5
6970,6971,7,1,1
6970,6979,3,6,9
6971,6972,8,0,1
6972,6973,5,0,1
6973,6974,0,0,1
6973,6974,1,0,1
6974,6975,4,0,1
6974,6975,4,2,1
6975,6979,3,1,4
6975,6976,6,1,1
6976,6977,3,3,1
6977,6978,5,0,1
6978,6979,8,1,1
6980,6986,1,0,6
6980,6982,1,2,2
6980,6989,7,2,9
6980,6981,3,3,1
6981,6982,3,3,1
6982,6983,0,1,1
6982,6984,7,4,2
6983,6984,4,2,1
6985,6993,4,2,8
6985,6986,5,0,1
6985,6987,3,6,2
6986,6987,5,1,1
6987,6988,1,0,1
6988,6989,4,0,1
6988,6989,7,5,1
6990,6995,2,0,5
6990,6999,4,4,9
6990,6991,4,6,1
6991,6992,3,0,1
6992,6993,6,0,1
6993,6994,1,1,1
6993,6994,2,1,1
6994,6996,7,3,2
6995,7003,4,1,8
6995,6997,6,2,2
6996,6997,3,0,1
6997,6998,5,1,1
6998,6999,5,1,1
6998,6999,3,3,1
6999,7000,7,1,1
6999,7000,8,0,1
7000,7005,7,2,5
7000,7011,3,7,11
7000,7001,2,1,1
7001,7002,8,1,1
7001,7003,6,2,2
7002,7003,5,0,1
7003,7005,6,1,2
7004,7005,5,1,1
7005,7006,4,0,1
7005,7006,1,1,1
7005,7006,7,3,1
7007,7008,8,4,1
7008,7009,5,1,1
7009,7010,3,1,1
7009,7011,7,2,2
7010,7019,6,0,9
7010,7011,7,4,1
7010,7020,5,0,10
7011,7012,0,5,1
7012,7013,5,0,1
7013,7014,2,3,1
7014,7016,4,0,2
7014,7016,9,1,2
7015,7016,5,2,1
7015,7016,6,0,1
7016,7017,1,5,1
7017,7018,4,2,1
7020,7026,5,2,6
7020,7022,6,0,2
7020,7029,5,0,9
7020,7021,7,2,1
7021,7022,7,2,1
7021,7022,9,3,1
7023,7025,4,3,2
7025,7029,7,1,4
7025,7026,4,1,1
7025,7026,4,3,1
7027,7028,6,6,1
7030,7035,2,2,5
7030,7031,4,1,1
7030,7039,6,0,9
7031,7032,9,2,1
7032,7033,0,3,1
7033,7034,3,5,1
7034,7035,0,1,1
7034,7035,7,1,1
7035,7038,7,3,3
7035,7037,1,6,2
7036,7037,6,0,1
7036,7037,5,5,1
7037,7038,7,0,1
7037,7038,5,2,1
7039,7040,4,3,1
7040,7045,4,1,5
7040,7051,5,3,11
7041,7042,7,4,1
7042,7043,3,1,1
7042,7043,7,1,1
7043,7044,6,3,1
7043,7044,4,0,1
7044,7045,4,1,1
7045,7049,5,2,4
7045,7046,4,0,1
7049,7051,3,3,2
7050,7051,4,0,1
7050,7061,2,4,11
7050,7051,4,1,1
7051,7056,2,1,5
7052,7053,9,1,1
7054,7056,3,0,2
7055,7060,1,1,5
7055,7056,6,0,1
7055,7058,3,2,3
7057,7058,7,2,1
7057,7058,0,2,1
7058,7059,4,0,1
7059,7060,6,3,1
7060,7063,5,0,3
7060,7061,2,2,1
7060,7070,5,3,10
7060,7061,8,4,1
7061,7062,2,3,1
7061,7062,8,3,1
7062,7063,5,1,1
7062,7063,1,4,1
7065,7069,3,2,4
7066,7067,4,0,1
7067,7068,3,2,1
7067,7068,2,0,1
7069,7070,9,0,1
7070,7074,1,3,4
7070,7078,5,2,8
7070,7074,7,0,4
7071,7072,0,0,1
7071,7073,3,1,2
7073,7074,3,5,1
7074,7075,5,3,1
7075,7079,8,1,4
7075,7076,4,0,1
7075,7076,4,6,1
7076,7077,1,0,1
7077,7078,7,2,1
7077,7078,5,1,1
7078,7079,4,0,1
7079,7080,4,0,1
7079,7081,6,0,2
7080,7081,4,1,1
7080,7090,0,0,10
7081,7088,3,1,7
7083,7084,9,0,1
7085,7089,1,1,4
7085,7086,0,2,1
7085,7087,2,3,2
7086,7087,6,4,1
7088,7089,0,0,1
7089,7090,4,1,1
7090,7094,3,2,4
7090,7091,6,1,1
7090,7100,6,1,10
7090,7091,7,3,1
7092,7093,5,2,1
7093,7095,1,4,2
7094,7095,4,1,1
7094,7095,7,3,1
7095,7099,3,2,4
7095,7096,1,6,1
7096,7098,8,1,2
7096,7098,5,2,2
7097,7098,9,4,1
7098,7099,3,5,1
7099,7101,0,1,2
7099,7100,2,3,1
7100,7102,3,2,2
7100,7109,0,3,9
7101,7102,6,0,1
7101,7102,4,5,1
7102,7103,8,1,1
7103,7104,7,0,1
7104,7105,6,1,1
7104,7105,8,3,1
7105,7110,6,1,5
7105,7106,6,0,1
7105,7109,1,3,4
7107,7108,1,1,1
7110,7112,7,0,2
7110,7118,4,2,8
7110,7111,4,5,1
7111,7112,5,0,1
7111,7112,2,3,1
7112,7113,5,0,1
7113,7114,9,0,1
7113,7114,5,2,1
7114,7115,7,1,1
7115,7124,7,2,9
7115,7116,4,0,1
7116,7117,3,2,1
7117,7118,1,1,1
7117,7118,6,0,1
7118,7119,6,0,1
7118,7119,2,2,1
7120,7127,2,1,7
7120,7121,3,0,1
7120,7131,0,0,11
7121,7122,5,0,1
7123,7124,4,1,1
7123,7124,9,1,1
7124,7127,6,4,3
7125,7130,3,2,5
7126,7127,5,0,1
7127,7128,5,2,1
7128,7129,3,0,1
7129,7130,4,0,1
7130,7137,2,0,7
7130,7131,9,2,1
7130,7140,2,3,10
7132,7133,7,0,1
7133,7134,6,0,1
7134,7136,1,2,2
7135,7139,7,3,4
7135,7136,7,2,1
7136,7137,2,0,1
7138,7139,5,0,1
7139,7140,2,0,1
7140,7142,9,0,2
7140,7141,4,1,1
7140,7150,3,2,10
7140,7142,2,2,2
7143,7144,6,0,1
7144,7145,3,0,1
7145,7151,5,0,6
7145,7147,7,3,2
7146,7147,5,1,1
7146,7147,3,0,1
7147,7148,3,1,1
7147,7150,9,2,3
7148,7149,3,1,1
7149,7150,3,0,1
7149,7150,2,4,1
7150,7152,2,2,2
7150,7158,9,3,8
7150,7151,4,2,1
7151,7154,5,3,3
7152,7153,2,2,1
7153,7154,7,1,1
7153,7154,4,5,1
7154,7155,3,0,1
7155,7162,3,0,7
7155,7157,5,0,2
7156,7157,0,0,1
7156,7157,4,3,1
7157,7158,2,1,1
7160,7165,8,1,5
7160,7161,6,1,1
7160,7169,3,1,9
7161,7162,4,0,1
7162,7164,2,1,2
7163,7164,3,1,1
7165,7172,4,1,7
7166,7167,8,1,1
7166,7167,0,6,1
7168,7169,4,0,1
7169,7170,5,0,1
7169,7171,4,4,2
7170,7177,4,1,7
7170,7179,3,3,9
7170,7171,7,4,1
7172,7173,7,0,1
7172,7173,3,7,1
7173,7174,6,0,1
7173,7174,5,1,1
7174,7175,4,1,1
7175,7183,4,1,8
7175,7176,3,0,1
7176,7177,6,1,1
7177,7178,9,0,1
7177,7178,0,1,1
7178,7181,7,1,3
7179,7180,5,1,1
7180,7187,2,4,7
7180,7192,3,5,12
7182,7183,7,0,1
7184,7186,8,3,2
7185,7190,2,3,5
7185,7186,5,1,1
7185,7186,7,2,1
7186,7187,5,1,1
7186,7187,4,4,1
7188,7189,5,1,1
7188,7189,2,4,1
7189,7190,6,1,1
7190,7196,6,0,6
7190,7202,5,0,12
7191,7192,0,0,1
7193,7194,9,0,1
7193,7194,4,2,1
7194,7196,7,1,2
7195,7203,6,2,8
7195,7196,6,0,1
7196,7197,3,1,1
7197,7198,1,1,1
7197,7198,9,0,1
7198,7199,6,1,1
7199,7200,7,0,1
7199,7200,5,2,1
7200,7202,9,1,2
7200,7210,5,3,10
7201,7204,4,3,3
7202,7203,5,0,1
7203,7204,1,0,1
7204,7205,0,1,1
7204,7205,6,0,1
7205,7208,5,1,3
7205,7206,1,2,1
7207,7209,3,4,2
7208,7209,1,1,1
7210,7216,3,2,6
7210,7211,2,0,1
7210,7219,2,1,9
7210,7212,8,6,2
7212,7213,4,0,1
7213,7214,8,2,1
7213,7214,4,4,1
7214,7215,9,0,1
7214,7215,1,2,1
7215,7221,3,0,6
7215,7216,9,8,1
7216,7218,3,1,2
7217,7218,1,3,1
7218,7219,0,4,1
7220,7225,0,3,5
7220,7230,2,4,10
7220,7222,4,1,2
7221,7223,5,2,2
7222,7223,7,0,1
7222,7224,1,0,2
7223,7224,3,1,1
7225,7228,5,1,3
7226,7227,3,1,1
7227,7228,5,0,1
7230,7241,2,0,11
7230,7231,6,2,1
7231,7237,4,2,6
7231,7232,5,0,1
7231,7232,4,3,1
7233,7234,6,1,1
7233,7234,3,2,1
7234,7235,9,0,1
7235,7239,4,1,4
7235,7236,6,1,1
7235,7236,6,1,1
7236,7237,6,0,1
7236,7237,6,3,1
7237,7238,3,0,1
7238,7239,5,1,1
7240,7247,2,1,7
7240,7251,6,5,11
7241,7242,4,0,1
7241,7242,6,2,1
7244,7245,6,1,1
7245,7250,2,2,5
7245,7246,6,2,1
7245,7247,4,4,2
7246,7247,6,0,1
7246,7248,8,3,2
7247,7248,5,5,1
7248,7249,7,1,1
7248,7249,9,1,1
7249,7250,4,1,1
7250,7256,6,1,6
7250,7251,3,0,1
7250,7259,6,2,9
7254,7255,4,0,1
7255,7259,0,3,4
7256,7257,8,1,1
7259,7260,3,6,1
7260,7265,4,1,5
7260,7261,4,2,1
7260,7269,1,0,9
7260,7261,1,0,1
7261,7263,8,4,2
7262,7265,2,2,3
7263,7264,7,0,1
7263,7264,5,5,1
7265,7268,7,1,3
7265,7269,9,4,4
7266,7267,3,0,1
7268,7269,0,1,1
7268,7270,3,4,2
7269,7270,5,1,1
7270,7273,5,2,3
7270,7278,4,0,8
7271,7273,6,2,2
7272,7273,4,0,1
7273,7274,6,1,1
7275,7280,7,2,5
7276,7277,4,0,1
7276,7277,5,1,1
7277,7278,5,1,1
7277,7278,2,3,1
7278,7280,8,2,2
7279,7280,4,0,1
7280,7285,6,1,5
7280,7289,4,3,9
7280,7281,0,0,1
7281,7282,1,0,1
7281,7282,1,5,1
7283,7284,3,2,1
7284,7286,2,1,2
7284,7285,5,4,1
7285,7290,4,2,5
7285,7286,6,1,1
7286,7287,2,0,1
7287,7288,5,0,1
7287,7288,1,6,1
7288,7289,7,3,1
7289,7290,2,1,1
7290,7295,5,1,5
7290,7298,8,4,8
7291,7292,5,0,1
7292,7293,8,1,1
7292,7293,8,3,1
7293,7294,4,0,1
7295,7299,1,1,4
7295,7296,6,3,1
7296,7297,5,6,1
7297,7298,5,0,1
7297,7298,4,1,1
7298,7299,5,0,1
7298,7300,1,1,2
7300,7302,7,2,2
7300,7309,0,1,9
7300,7302,9,3,2
7301,7302,6,1,1
7301,7302,5,4,1
7303,7304,7,0,1
7303,7305,1,4,2
7304,7305,7,0,1
7305,7313,3,3,8
7306,7307,4,0,1
7306,7307,7,3,1
7307,7308,2,0,1
7307,7309,2,3,2
7310,7315,2,2,5
7310,7311,1,0,1
7310,7318,4,5,8
7311,7312,8,1,1
7311,7312,3,2,1
7313,7314,3,0,1
7315,7316,6,2,1
7315,7316,6,5,1
7317,7318,2,2,1
7318,7320,7,1,2
7319,7320,6,1,1
7319,7320,7,4,1
7320,7327,8,3,7
7320,7321,5,0,1
7320,7329,3,2,9
7322,7323,6,0,1
7322,7323,4,3,1
7323,7324,2,2,1
7323,7324,0,1,1
7325,7329,7,2,4
7325,7327,3,1,2
7325,7326,0,4,1
7327,7328,6,0,1
7329,7330,4,5,1
7330,7335,3,1,5
7330,7331,2,0,1
7330,7340,4,4,10
7330,7332,0,3,2
7331,7332,1,5,1
7332,7333,2,0,1
7335,7344,2,1,9
7335,7336,7,5,1
7337,7338,6,0,1
7338,7339,5,1,1
7338,7339,6,0,1
7340,7343,5,1,3
7340,7341,4,1,1
7340,7349,5,2,9
7340,7341,8,2,1
7341,7342,2,1,1
7342,7344,8,0,2
7343,7344,8,0,1
7344,7345,2,0,1
7345,7351,5,1,6
7346,7348,1,1,2
7348,7351,6,7,3
7349,7350,3,1,1
7350,7362,7,1,12
7350,7351,3,2,1
7350,7359,3,2,9
7351,7352,6,0,1
7354,7355,4,0,1
7354,7356,2,1,2
7355,7357,2,2,2
7355,7356,5,1,1
7356,7357,4,3,1
7357,7358,9,0,1
7357,7358,0,3,1
7359,7360,4,0,1
7360,7366,3,1,6
7360,7369,9,1,9
7360,7362,5,1,2
7361,7362,5,1,1
7362,7364,3,3,2
7363,7364,1,1,1
7364,7365,5,0,1
7365,7370,8,3,5
7365,7366,1,2,1
7366,7367,0,1,1
7366,7367,5,4,1
7367,7368,7,3,1
7367,7368,1,1,1
7368,7369,5,2,1
7369,7370,5,1,1
7369,7370,4,2,1
7370,7373,9,0,3
7370,7378,6,3,8
7370,7371,4,0,1
7373,7374,1,1,1
7373,7374,7,1,1
7374,7375,4,0,1
7375,7376,5,2,1
7375,7376,5,1,1
7376,7377,5,0,1
7377,7378,7,2,1
7380,7386,3,2,6
7380,7390,2,1,10
7380,7381,2,1,1
7382,7383,3,1,1
7382,7384,7,3,2
7383,7384,0,3,1
7384,7385,2,0,1
7385,7392,3,2,7
7387,7388,7,0,1
7387,7388,5,5,1
7388,7389,4,2,1
7389,7390,4,1,1
7389,7391,3,0,2
7390,7391,2,0,1
7390,7402,2,2,12
7392,7393,1,0,1
7392,7394,2,2,2
7393,7394,9,1,1
7394,7395,6,0,1
7394,7395,3,0,1
7395,7398,8,2,3
7396,7398,2,2,2
7397,7398,7,1,1
7399,7400,2,1,1
7399,7401,6,2,2
7400,7404,7,0,4
7400,7410,6,6,10
7400,7401,4,6,1
7401,7402,7,7,1
7402,7403,6,1,1
7403,7406,3,3,3
7404,7405,9,1,1
7404,7406,2,0,2
7405,7406,7,5,1
7405,7406,4,0,1
7406,7407,4,0,1
7407,7408,6,0,1
7407,7408,1,4,1
7408,7409,5,1,1
7408,7409,7,5,1
7409,7410,9,6,1
7410,7415,7,1,5
7410,7420,4,7,10
7411,7412,1,0,1
7414,7416,9,3,2
7415,7417,1,2,2
7415,7416,2,0,1
7416,7417,1,0,1
7416,7417,5,0,1
7417,7419,5,1,2
7417,7418,5,3,1
7418,7419,5,0,1
7420,7425,6,1,5
7420,7429,6,1,9
7420,7421,4,4,1
7421,7422,4,1,1
7421,7422,5,0,1
7423,7425,7,1,2
7425,7428,2,0,3
7426,7427,7,2,1
7427,7428,9,1,1
7428,7429,5,0,1
7429,7430,2,0,1
7429,7430,6,2,1
7430,7437,8,2,7
7430,7439,6,3,9
7431,7432,7,2,1
7432,7433,2,2,1
7434,7435,6,1,1
7434,7436,2,4,2
7435,7439,3,3,4
7435,7436,2,3,1
7438,7439,9,1,1
7438,7439,8,3,1
7439,7440,5,8,1
7440,7444,8,3,4
7440,7450,4,0,10
7440,7441,1,4,1
7442,7443,7,0,1
7444,7445,8,1,1
7444,7445,8,0,1
7445,7452,0,1,7
7445,7446,3,0,1
7445,7446,6,3,1
7446,7447,8,1,1
7447,7448,4,0,1
7447,7449,3,4,2
7448,7449,4,1,1
7449,7450,4,1,1
7449,7450,6,1,1
7450,7454,3,1,4
7450,7461,4,4,11
7450,7452,2,6,2
7451,7452,4,1,1
7451,7453,9,2,2
7452,7453,8,0,1
7452,7454,7,0,2
7453,7454,8,3,1
7454,7457,3,1,3
7455,7456,0,2,1
7456,7463,5,0,7
7457,7458,0,0,1
7459,7460,5,0,1
7460,7463,3,1,3
7460,7468,2,1,8
7461,7462,4,5,1
7462,7463,5,1,1
7463,7464,7,4,1
7465,7467,4,2,2
7466,7467,6,0,1
7466,7467,4,5,1
7467,7468,5,1,1
7468,7469,9,0,1
7469,7470,5,2,1
7470,7475,2,2,5
7470,7471,3,0,1
7470,7478,2,6,8
7471,7472,9,1,1
7471,7472,9,4,1
7472,7473,8,1,1
7473,7474,3,2,1
7474,7476,7,5,2
7475,7481,2,2,6
7475,7476,3,0,1
7475,7476,4,2,1
7476,7477,9,1,1
7476,7477,5,5,1
7477,7478,8,0,1
7478,7479,5,0,1
7478,7479,7,4,1
7480,7481,5,0,1
7480,7489,8,4,9
7481,7482,8,1,1
7481,7483,3,0,2
7482,7483,4,2,1
7483,7484,7,0,1
7484,7486,5,2,2
7485,7490,2,1,5
7486,7487,4,0,1
7487,7488,5,1,1
7488,7489,4,3,1
7489,7490,6,2,1
7489,7490,6,0,1
7490,7496,4,1,6
7490,7491,3,0,1
7490,7501,7,2,11
7490,7491,8,2,1
7491,7492,6,0,1
7491,7494,9,3,3
7492,7493,7,1,1
7493,7494,2,1,1
7493,7495,8,6,2
7495,7501,7,2,6
7495,7496,4,0,1
7498,7499,4,2,1
7500,7508,3,1,8
7500,7501,9,1,1
7500,7509,7,0,9
7500,7502,4,4,2
7501,7503,2,0,2
7502,7503,2,1,1
7505,7508,5,0,3
7506,7507,5,1,1
7506,7507,3,5,1
7507,7508,2,1,1
7507,7508,2,3,1
7508,7509,5,1,1
7508,7509,5,7,1
7509,7510,2,1,1
7510,7512,5,0,2
7510,7511,6,0,1
7510,7519,7,2,9
7510,7512,7,0,2
7512,7513,9,1,1
7512,7513,8,2,1
7513,7514,3,2,1
7513,7514,6,1,1
7514,7515,4,1,1
7515,7520,2,2,5
7515,7516,0,1,1
7515,7516,1,3,1
7516,7517,7,1,1
7516,7517,9,4,1
7517,7519,6,2,2
7518,7519,5,3,1
7519,7520,5,0,1
7520,7522,3,1,2
7520,7521,2,1,1
7520,7530,6,3,10
7523,7524,3,1,1
7523,7524,2,4,1
7525,7526,3,4,1
7527,7533,4,2,6
7527,7528,1,0,1
7527,7528,6,4,1
7528,7529,7,7,1
7529,7530,1,3,1
7530,7533,7,1,3
7530,7531,3,0,1
7530,7540,3,1,10
7533,7534,4,2,1
7534,7535,6,0,1
7534,7535,3,7,1
7535,7542,7,0,7
7535,7537,3,0,2
7537,7538,5,2,1
7538,7539,5,0,1
7538,7540,1,3,2
7539,7540,3,0,1
7540,7543,8,1,3
7540,7549,3,2,9
7540,7541,7,1,1
7541,7543,4,3,2
7542,7543,5,4,1
7543,7544,5,3,1
7544,7545,9,0,1
7544,7546,1,2,2
7545,7550,3,0,5
7545,7546,4,1,1
7545,7546,3,2,1
7546,7548,9,1,2
7547,7548,9,1,1
7547,7548,4,3,1
7549,7550,4,0,1
7550,7555,4,3,5
7550,7559,8,3,9
7550,7551,4,5,1
7552,7553,2,1,1
7553,7554,1,1,1
7554,7555,2,1,1
7554,7555,4,4,1
7555,7561,3,1,6
7555,7556,4,0,1
7555,7556,6,1,1
7556,7557,6,3,1
7557,7558,4,1,1
7558,7559,2,0,1
7559,7560,5,0,1
7560,7562,3,1,2
7560,7561,7,1,1
7560,7569,4,5,9
7560,7562,9,0,2
7562,7563,0,6,1
7563,7564,3,1,1
7563,7564,4,2,1
7564,7565,2,1,1
7565,7567,6,1,2
7566,7567,1,5,1
7567,7568,3,5,1
7568,7571,5,2,3
7569,7570,8,5,1
7570,7574,3,0,4
7570,7571,5,0,1
7570,7580,1,6,10
7571,7572,8,2,1
7572,7573,5,1,1
7573,7574,3,0,1
7574,7575,9,4,1
7575,7584,9,1,9
7575,7576,6,2,1
7576,7577,4,0,1
7576,7577,6,6,1
7577,7578,5,1,1
7577,7578,2,4,1
7579,7580,3,2,1
7580,7583,5,3,3
7580,7591,2,2,11
7580,7581,1,2,1
7581,7582,2,1,1
7581,7583,6,0,2
7583,7584,4,0,1
7583,7585,5,5,2
7585,7593,9,1,8
7585,7586,8,1,1
7585,7586,2,5,1
7587,7588,6,1,1
7587,7589,6,1,2
7588,7590,7,5,2
7589,7590,6,2,1
7589,7590,4,1,1
7590,7594,7,2,4
7590,7600,5,3,10
7591,7592,2,0,1
7592,7593,1,0,1
7592,7594,8,6,2
7593,7594,5,2,1
7594,7595,5,5,1
7595,7596,3,1,1
7596,7597,4,2,1
7597,7598,7,0,1
7597,7598,7,3,1
7598,7599,3,5,1
7600,7609,4,2,9
7601,7604,8,1,3
7602,7603,2,1,1
7603,7604,7,1,1
7605,7609,6,4,4
7606,7607,4,2,1
7607,7608,2,0,1
7607,7608,4,3,1
7608,7609,3,2,1
7610,7617,4,2,7
7610,7620,5,2,10
7610,7611,1,1,1
7611,7612,4,1,1
7612,7613,2,2,1
7612,7613,1,1,1
7613,7614,2,3,1
7614,7615,7,2,1
7615,7617,4,2,2
7615,7616,5,2,1
7615,7616,5,0,1
7616,7617,9,0,1
7616,7617,6,4,1
7617,7618,0,1,1
7618,7619,4,0,1
7619,7620,7,1,1
7620,7622,9,1,2
7620,7629,4,0,9
7620,7621,2,1,1
7621,7622,4,1,1
7622,7623,9,0,1
7622,7624,5,5,2
7623,7624,1,1,1
7623,7624,5,5,1
7624,7626,4,0,2
7624,7625,4,4,1
7625,7632,9,1,7
7627,7628,3,1,1
7628,7629,4,1,1
7628,7630,9,2,2
7629,7630,4,2,1
7629,7630,8,1,1
7630,7633,6,1,3
7630,7631,2,2,1
7630,7639,6,5,9
7630,7631,2,4,1
7632,7633,6,3,1
7633,7634,6,2,1
7634,7635,2,2,1
7635,7639,1,2,4
7636,7637,9,1,1
7638,7639,7,2,1
7639,7640,2,1,1
7640,7647,7,2,7
7640,7641,8,0,1
7640,7650,0,4,10
7640,7641,4,3,1
7642,7643,3,4,1
7644,7645,2,4,1
7645,7649,5,1,4
7645,7646,7,0,1
7646,7647,6,0,1
7646,7647,6,2,1
7647,7648,3,2,1
7647,7648,2,0,1
7648,7649,4,6,1
7649,7650,4,0,1
7649,7650,5,6,1
7650,7658,7,2,8
7650,7661,4,5,11
7651,7652,2,3,1
7652,7653,3,0,1
7652,7653,3,5,1
7653,7654,5,3,1
7654,7655,7,1,1
7654,7655,0,1,1
7655,7661,4,2,6
7655,7656,5,0,1
7658,7659,3,0,1
7659,7660,5,0,1
7660,7661,2,1,1
7660,7670,0,5,10
7660,7661,5,0,1
7661,7662,7,0,1
7662,7663,5,0,1
7662,7663,4,5,1
7664,7665,5,1,1
7665,7667,1,2,2
7665,7666,4,5,1
7666,7668,3,2,2
7666,7667,8,1,1
7667,7668,9,1,1
7668,7669,4,2,1
7669,7671,6,1,2
7670,7677,0,3,7
7670,7678,3,6,8
7671,7672,6,1,1
7671,7673,5,0,2
7672,7673,6,1,1
7673,7674,3,0,1
7675,7678,5,2,3
7676,7677,3,0,1
7676,7678,0,1,2
7677,7678,4,2,1
7677,7679,7,2,2
7678,7679,1,2,1
7680,7688,4,1,8
7680,7681,9,1,1
7680,7689,5,3,9
7680,7682,2,4,2
7681,7682,0,0,1
7682,7683,9,2,1
7683,7684,5,1,1
7683,7684,5,3,1
7685,7692,2,1,7
7685,7687,4,0,2
7686,7687,8,0,1
7688,7689,1,0,1
7689,7690,3,0,1
7689,7690,2,8,1
7690,7695,7,2,5
7690,7691,5,0,1
7690,7700,5,4,10
7691,7692,0,1,1
7693,7694,9,0,1
7694,7695,7,0,1
7695,7700,2,1,5
7695,7697,5,1,2
7696,7698,3,0,2
7696,7697,0,5,1
7697,7698,3,4,1
7698,7699,8,0,1
7698,7699,7,3,1
7699,7700,3,1,1
7700,7704,3,0,4
7700,7708,0,3,8
7701,7703,7,6,2
7702,7703,4,2,1
7704,7705,5,0,1
7705,7708,5,1,3
7705,7706,3,1,1
7706,7707,4,2,1
7707,7708,2,2,1
7707,7708,6,6,1
7709,7710,7,0,1
7709,7710,4,1,1
7710,7713,3,2,3
7710,7711,4,0,1
7710,7719,8,0,9
7711,7712,3,0,1
7712,7713,5,2,1
7712,7715,5,7,3
7714,7715,7,0,1
7715,7720,4,1,5
7715,7716,8,4,1
7716,7719,4,5,3
7717,7718,7,0,1
7717,7718,6,4,1
7718,7719,5,4,1
7719,7720,6,4,1
7720,7721,5,0,1
7720,7729,4,4,9
7722,7724,4,2,2
7722,7723,2,0,1
7724,7725,7,0,1
7724,7725,6,3,1
7725,7730,1,2,5
7725,7726,3,0,1
7726,7727,7,0,1
7727,7728,3,0,1
7728,7729,0,0,1
7728,7730,5,5,2
7729,7731,0,3,2
7730,7734,4,2,4
7730,7739,8,6,9
7732,7733,5,1,1
7733,7736,4,0,3
7735,7741,4,0,6
7735,7736,7,7,1
7736,7737,5,5,1
7737,7738,4,0,1
7738,7739,1,0,1
7738,7740,4,1,2
7739,7740,3,1,1
7740,7746,6,2,6
7740,7741,4,1,1
7740,7751,5,1,11
7740,7741,4,3,1
7743,7744,0,4,1
7744,7745,9,3,1
7745,7752,8,2,7
7746,7747,8,2,1
7746,7747,5,0,1
7747,7748,6,4,1
7748,7749,4,4,1
7749,7750,2,0,1
7750,7751,9,1,1
7750,7759,5,3,9
7752,7753,7,2,1
7753,7754,7,3,1
7754,7755,8,2,1
7755,7759,7,3,4
7755,7756,3,0,1
7756,7757,4,1,1
7757,7758,4,1,1
7757,7758,5,0,1
7759,7760,2,0,1
7760,7761,9,2,1
7760,7761,6,1,1
7760,7767,6,2,7
7761,7764,2,3,3
7762,7763,6,0,1
7762,7763,4,1,1
7763,7765,5,1,2
7765,7770,4,3,5
7766,7767,3,2,1
7767,7768,4,3,1
7767,7770,5,4,3
7770,7773,5,0,3
7770,7779,4,4,9
7771,7772,6,1,1
7772,7774,3,3,2
7773,7775,0,2,2
7773,7775,5,0,2
7774,7775,5,1,1
7774,7777,1,0,3
7775,7776,6,3,1
7775,7776,7,3,1
7778,7779,5,1,1
7779,7780,3,1,1
7780,7782,1,1,2
7780,7781,2,0,1
7780,7788,2,6,8
7781,7782,6,1,1
7782,7783,7,0,1
7782,7784,3,7,2
7783,7784,6,3,1
7784,7785,4,0,1
7785,7789,4,1,4
7785,7787,4,2,2
7786,7787,5,0,1
7786,7787,4,4,1
7787,7788,1,2,1
7788,7789,2,0,1
7788,7790,6,1,2
7790,7796,5,2,6
7790,7798,2,5,8
7790,7792,2,3,2
7791,7792,6,0,1
7791,7792,1,4,1
7792,7793,3,0,1
7792,7793,9,1,1
7793,7794,7,1,1
7793,7794,6,2,1
7794,7796,3,1,2
7795,7800,4,2,5
7795,7796,7,4,1
7796,7798,2,0,2
7797,7798,3,4,1
7798,7800,5,3,2
7799,7800,2,6,1
7800,7805,7,2,5
7800,7811,6,2,11
7801,7802,2,1,1
7802,7803,4,1,1
7802,7804,2,3,2
7803,7804,1,1,1
7805,7814,6,2,9
7805,7806,4,1,1
7806,7808,7,2,2
7807,7808,4,0,1
7808,7809,5,1,1
7809,7811,3,4,2
7810,7817,4,3,7
7810,7821,5,0,11
7811,7812,0,0,1
7811,7812,4,0,1
7813,7814,1,0,1
7814,7815,2,4,1
7815,7822,2,1,7
7815,7816,6,0,1
7815,7818,6,2,3
7817,7818,6,0,1
7820,7826,3,2,6
7820,7830,5,3,10
7820,7822,7,1,2
7821,7822,7,1,1
7821,7823,2,1,2
7822,7823,2,3,1
7825,7831,2,2,6
7825,7826,5,1,1
7827,7828,8,5,1
7828,7829,5,0,1
7830,7831,5,1,1
7830,7831,6,1,1
7830,7839,6,4,9
7831,7832,7,0,1
7833,7834,6,2,1
7833,7834,3,0,1
7834,7836,7,0,2
7835,7839,3,2,4
7835,7837,6,1,2
7838,7839,8,0,1
7839,7840,3,0,1
7840,7844,1,2,4
7840,7841,2,1,1
7840,7848,3,2,8
7841,7842,6,4,1
7842,7844,3,0,2
7843,7844,6,4,1
7844,7845,4,5,1
7845,7850,4,1,5
7845,7846,5,2,1
7846,7847,7,5,1
7847,7848,9,3,1
7847,7848,9,2,1
7848,7849,2,0,1
7849,7850,2,0,1
7850,7859,7,1,9
7850,7851,6,2,1
7850,7860,8,1,10
7850,7851,3,2,1
7851,7852,4,2,1
7851,7853,8,1,2
7852,7853,2,0,1
7852,7853,4,3,1
7853,7854,3,5,1
7854,7855,4,4,1
7856,7861,4,1,5
7856,7857,5,2,1
7858,7859,7,0,1
7858,7859,5,4,1
7859,7860,4,0,1
7859,7861,4,0,2
7860,7865,4,0,5
7860,7870,1,4,10
7860,7861,1,1,1
7862,7863,5,5,1
7863,7864,3,0,1
7863,7865,7,0,2
7864,7865,9,1,1
7865,7868,6,2,3
7865,7866,8,0,1
7865,7866,7,3,1
7867,7868,0,2,1
7867,7868,5,1,1
7869,7870,9,0,1
7869,7870,9,5,1
7870,7875,8,1,5
7870,7881,1,1,11
7871,7872,6,1,1
7871,7872,6,2,1
7872,7873,0,1,1
7875,7879,7,2,4
7875,7877,5,4,2
7876,7877,5,3,1
7878,7879,5,2,1
7879,7880,3,1,1
7879,7880,4,6,1
7880,7882,7,2,2
7880,7890,4,3,10
7881,7883,7,1,2
7881,7882,5,0,1
7882,7883,6,0,1
7883,7884,5,0,1
7884,7885,5,0,1
7884,7885,9,4,1
7885,7890,2,3,5
7885,7886,2,0,1
7886,7887,2,1,1
7887,7888,7,0,1
7888,7889,1,0,1
7889,7890,4,1,1
7890,7898,3,2,8
7890,7891,0,0,1
7890,7899,2,2,9
7890,7891,5,3,1
7891,7892,6,2,1
7892,7894,6,2,2
7892,7894,5,5,2
7893,7894,3,2,1
7895,7900,4,3,5
7895,7896,6,0,1
7897,7898,0,1,1
7897,7900,6,1,3
7898,7899,6,0,1
7898,7901,0,3,3
7899,7900,2,0,1
7899,7900,7,8,1
7900,7906,4,2,6
7900,7908,2,7,8
7900,7902,7,0,2
7901,7902,5,2,1
7902,7904,7,1,2
7905,7911,7,1,6
7906,7907,2,0,1
7906,7907,3,3,1
7907,7908,0,1,1
7908,7910,1,2,2
7910,7914,4,1,4
7910,7911,6,0,1
7910,7921,6,0,11
7910,7911,5,0,1
7911,7912,7,1,1
7912,7913,5,0,1
7913,7914,7,0,1
7914,7915,4,2,1
7914,7915,3,5,1
7915,7920,9,2,5
7916,7917,1,0,1
7918,7919,8,0,1
7919,7921,7,2,2
7920,7930,5,2,10
7920,7921,0,3,1
7921,7927,5,2,6
7921,7922,5,1,1
7922,7923,1,0,1
7922,7923,7,4,1
7923,7924,4,1,1
7923,7924,5,4,1
7924,7925,8,1,1
7924,7926,5,4,2
7925,7929,6,2,4
7925,7927,5,0,2
7927,7930,4,4,3
7928,7929,5,1,1
7928,7930,4,5,2
7929,7930,4,1,1
7930,7934,6,1,4
7930,7931,5,1,1
7930,7939,1,0,9
7931,7932,6,0,1
7932,7935,9,2,3
7933,7934,2,1,1
7934,7935,0,1,1
7934,7935,4,3,1
7935,7941,4,1,6
7935,7936,6,2,1
7935,7936,6,2,1
7939,7940,4,2,1
7939,7940,7,2,1
7940,7943,6,1,3
7940,7941,7,1,1
7940,7950,2,0,10
7940,7941,5,5,1
7944,7945,0,0,1
7944,7945,4,4,1
7945,7949,5,2,4
7946,7947,1,1,1
7949,7951,4,1,2
7950,7958,4,4,8
7950,7951,5,2,1
7951,7961,5,2,10
7954,7955,1,1,1
7955,7963,2,3,8
7955,7956,6,1,1
7955,7956,3,2,1
7958,7959,3,2,1
7960,7966,2,1,6
7960,7961,4,0,1
7960,7969,1,3,9
7960,7961,7,2,1
7961,7962,6,0,1
7961,7964,3,3,3
7963,7964,5,0,1
7963,7965,6,6,2
7965,7970,1,2,5
7965,7966,5,1,1
7966,7968,4,1,2
7967,7968,2,2,1
7968,7969,5,0,1
7968,7969,5,5,1
7969,7970,0,1,1
7969,7971,2,4,2
7970,7976,6,2,6
7970,7971,7,1,1
7970,7980,6,1,10
7972,7973,2,2,1
7973,7974,4,0,1
7974,7975,8,1,1
7975,7977,6,3,2
7975,7976,6,0,1
7977,7978,4,1,1
7978,7979,3,0,1
7980,7986,6,1,6
7980,7989,9,4,9
7980,7981,2,2,1
7981,7982,7,0,1
7982,7983,9,0,1
7982,7983,8,2,1
7984,7985,4,1,1
7985,7989,3,3,4
7985,7986,3,1,1
7988,7990,5,2,2
7989,7990,5,4,1
7990,7994,7,2,4
7990,7991,5,2,1
7990,8000,0,0,10
7990,7991,4,3,1
7992,7995,5,4,3
7994,7995,4,1,1
7994,7996,4,0,2
7995,7997,4,0,2
7996,8000,4,1,4
7996,7997,5,1,1
7999,8001,6,0,2
8000,8005,3,1,5
8000,8001,3,0,1
8000,8009,4,0,9
8000,8001,5,1,1
8001,8003,0,3,2
8003,8005,4,0,2
8004,8006,2,2,2
8005,8011,2,2,6
8005,8006,0,0,1
8005,8006,7,0,1
8007,8008,0,1,1
8007,8008,5,3,1
8009,8010,0,0,1
8009,8011,9,0,2
8010,8013,3,2,3
8010,8020,7,7,10
8010,8011,3,2,1
8011,8012,0,0,1
8011,8013,3,2,2
8012,8013,6,2,1
8014,8015,5,1,1
8015,8020,5,1,5
8015,8017,6,2,2
8016,8017,8,4,1
8017,8018,4,0,1
8017,8018,6,3,1
8018,8019,2,2,1
8019,8020,5,0,1
8019,8020,5,0,1
8020,8025,7,3,5
8020,8021,5,0,1
8020,8029,6,2,9
8020,8022,7,3,2
8023,8024,9,0,1
8025,8030,9,2,5
8025,8027,5,3,2
8027,8028,2,2,1
8027,8029,7,5,2
8029,8030,8,1,1
8030,8034,3,1,4
8030,8039,1,3,9
8030,8031,4,1,1
8031,8032,6,2,1
8032,8033,3,0,1
8033,8034,2,0,1
8033,8034,4,2,1
8034,8035,0,0,1
8035,8043,9,0,8
8035,8036,7,5,1
8036,8037,2,0,1
8036,8039,5,4,3
8037,8038,8,0,1
8038,8039,2,1,1
8039,8040,4,1,1
8040,8047,8,2,7
8040,8041,1,1,1
8040,8049,5,0,9
8040,8041,7,3,1
8041,8042,3,0,1
8041,8042,7,2,1
8042,8043,8,0,1
8042,8044,7,5,2
8043,8046,1,0,3
8044,8045,6,0,1
8045,8051,6,0,6
8045,8046,5,1,1
8048,8049,1,0,1
8048,8049,3,0,1
8049,8050,3,5,1
8050,8053,6,0,3
8050,8058,6,0,8
8050,8051,2,3,1
8051,8052,1,2,1
8051,8052,1,1,1
8052,8053,7,0,1
8052,8053,0,0,1
8053,8054,5,1,1
8053,8055,4,2,2
8055,8059,1,2,4
8055,8056,1,0,1
8056,8057,3,0,1
8056,8058,6,3,2
8057,8059,0,0,2
8058,8059,6,2,1
8058,8059,4,5,1
8059,8060,0,0,1
8060,8062,6,2,2
8060,8061,9,0,1
8060,8070,7,2,10
8061,8062,2,0,1
8061,8062,3,0,1
8062,8063,5,0,1
8063,8064,5,1,1
8063,8065,3,0,2
8064,8065,0,2,1
8064,8066,7,4,2
8065,8067,5,2,2
8066,8067,4,1,1
8067,8068,5,3,1
8068,8069,6,3,1
8069,8071,4,0,2
8070,8074,4,1,4
8070,8071,5,0,1
8070,8080,9,1,10
8071,8072,6,0,1
8071,8072,4,6,1
8073,8074,5,0,1
8075,8079,3,1,4
8076,8077,4,2,1
8076,8077,7,5,1
8077,8078,8,0,1
8077,8078,2,3,1
8079,8080,0,0,1
8080,8087,7,1,7
8080,8089,6,6,9
8082,8084,6,2,2
8083,8084,3,0,1
8083,8084,7,3,1
8084,8085,4,0,1
8084,8087,4,2,3
8085,8091,6,0,6
8086,8087,3,1,1
8086,8087,6,4,1
8088,8089,0,0,1
8088,8090,6,2,2
8089,8090,9,3,1
8090,8094,3,1,4
8090,8100,5,3,10
8090,8091,3,5,1
8092,8093,4,0,1
8092,8093,4,0,1
8093,8094,5,1,1
8093,8094,4,4,1
8095,8098,4,2,3
8095,8096,9,1,1
8096,8097,0,2,1
8100,8106,3,2,6
8100,8101,2,0,1
8100,8109,6,5,9
8100,8101,0,5,1
8101,8102,4,0,1
8102,8104,4,1,2
8104,8106,4,0,2
8105,8109,6,2,4
8105,8106,2,1,1
8106,8107,4,1,1
8106,8107,6,4,1
8107,8108,6,1,1
8107,8108,4,4,1
8108,8109,1,1,1
8108,8109,3,0,1
8109,8110,4,1,1
8110,8118,7,2,8
8110,8111,2,3,1
8110,8121,3,1,11
8111,8112,2,2,1
8111,8112,4,2,1
8112,8114,4,6,2
8113,8114,5,3,1
8114,8115,6,0,1
8115,8123,5,1,8
8115,8116,7,4,1
8117,8118,3,2,1
8118,8119,5,0,1
8118,8120,3,6,2
8119,8121,9,0,2
8120,8125,4,2,5
8120,8121,3,1,1
8120,8130,4,3,10
8120,8121,1,4,1
8121,8123,6,5,2
8124,8125,0,0,1
8124,8125,8,2,1
8125,8129,5,3,4
8125,8127,4,1,2
8125,8127,6,3,2
8126,8127,1,1,1
8126,8129,5,3,3
8127,8128,3,2,1
8128,8129,5,2,1
8129,8130,0,2,1
8129,8131,6,0,2
8130,8136,2,2,6
8130,8131,3,0,1
8130,8140,7,0,10
8130,8131,3,1,1
8131,8132,2,0,1
8132,8133,5,1,1
8133,8134,4,3,1
8134,8135,9,1,1
8134,8135,2,0,1
8135,8140,3,0,5
8135,8137,4,0,2
8136,8137,9,0,1
8136,8139,7,4,3
8137,8138,6,7,1
8138,8139,8,4,1
8140,8145,8,1,5
8140,8141,8,1,1
8140,8150,6,4,10
8140,8141,3,2,1
8141,8142,7,0,1
8141,8143,3,0,2
8142,8143,7,2,1
8143,8144,2,0,1
8143,8145,9,3,2
8144,8145,9,2,1
8145,8149,7,1,4
8146,8147,5,1,1
8146,8147,6,2,1
8148,8149,2,9,1
8149,8150,5,1,1
8149,8150,3,2,1
8150,8155,3,1,5
8150,8151,4,2,1
8150,8160,6,1,10
8150,8151,3,4,1
8151,8152,2,1,1
8152,8153,2,2,1
8152,8153,4,3,1
8153,8155,2,3,2
8154,8155,9,1,1
8155,8163,5,1,8
8155,8156,6,1,1
8156,8158,2,1,2
8159,8160,0,3,1
8160,8166,6,2,6
8160,8171,4,4,11
8160,8162,4,4,2
8161,8162,3,0,1
8163,8164,3,2,1
8165,8170,5,1,5
8167,8168,3,1,1
8167,8168,0,2,1
8170,8175,9,2,5
8170,8171,4,0,1
8170,8180,8,2,10
8171,8173,6,2,2
8172,8174,2,1,2
8174,8175,9,0,1
8175,8177,3,2,2
8175,8177,1,6,2
8176,8177,6,0,1
8177,8178,6,0,1
8179,8180,3,1,1
8179,8180,8,5,1
8180,8189,1,2,9
8180,8181,9,0,1
8180,8189,6,7,9
8181,8182,5,0,1
8181,8183,4,2,2
8182,8183,2,6,1
8183,8185,1,0,2
8184,8185,6,0,1
8185,8189,6,2,4
8185,8186,4,0,1
8186,8187,6,0,1
8186,8187,0,4,1
8187,8188,5,1,1
8188,8189,8,1,1
8188,8189,3,3,1
8189,8190,8,1,1
8190,8195,5,2,5
8190,8191,8,2,1
8190,8199,4,5,9
8190,8192,4,0,2
8191,8192,1,1,1
8192,8193,3,1,1
8192,8193,0,2,1
8193,8194,7,2,1
8193,8194,6,1,1
8194,8195,5,0,1
8195,8196,2,0,1
8195,8197,0,1,2
8196,8200,4,3,4
8196,8197,6,2,1
8197,8198,3,3,1
8198,8199,5,0,1
8198,8199,6,3,1
8199,8200,3,0,1
8199,8200,4,0,1
8200,8206,8,1,6
8200,8201,4,0,1
8200,8210,1,2,10
8203,8204,7,2,1
8203,8204,2,3,1
8204,8205,2,1,1
8204,8205,8,2,1
8205,8210,0,0,5
8205,8207,7,0,2
8205,8206,4,5,1
8206,8207,9,2,1
8210,8211,5,0,1
8210,8218,2,5,8
8210,8211,5,3,1
8211,8213,3,0,2
8211,8212,0,1,1
8212,8213,9,3,1
8212,8213,6,2,1
8213,8214,0,1,1
8213,8214,6,1,1
8214,8216,1,1,2
8215,8225,4,2,10
8215,8216,6,2,1
8215,8216,9,4,1
8216,8217,1,1,1
8216,8217,6,2,1
8217,8219,3,3,2
8218,8219,8,1,1
8218,8219,7,2,1
8219,8220,7,1,1
8220,8222,6,1,2
8220,8230,7,5,10
8221,8222,7,3,1
8222,8223,7,6,1
8224,8226,7,3,2
8224,8226,7,2,2
8225,8232,5,2,7
8225,8226,6,0,1
8226,8227,6,1,1
8226,8227,5,3,1
8228,8229,8,1,1
8230,8236,7,2,6
8230,8231,4,1,1
8230,8238,7,2,8
8235,8242,5,0,7
8235,8236,7,2,1
8235,8236,4,0,1
8236,8237,8,2,1
8236,8237,2,6,1
8238,8241,7,5,3
8239,8241,3,0,2
8240,8248,6,0,8
8240,8241,6,0,1
8240,8251,5,4,11
8241,8242,4,3,1
8242,8243,5,3,1
8242,8244,9,1,2
8243,8244,6,0,1
8243,8244,0,4,1
8244,8245,2,1,1
8245,8249,1,2,4
8245,8246,2,2,1
8246,8247,3,3,1
8248,8249,5,4,1
8250,8255,7,2,5
8250,8260,3,2,10
8252,8254,2,0,2
8254,8255,7,0,1
8255,8259,7,3,4
8255,8256,3,2,1
8256,8257,2,0,1
8257,8258,4,0,1
8258,8259,5,1,1
8259,8261,8,3,2
8260,8266,3,2,6
8260,8261,7,2,1
8260,8269,3,3,9
8261,8263,5,3,2
8262,8265,8,3,3
8264,8267,5,3,3
8265,8269,4,0,4
8265,8266,2,0,1
8265,8267,1,4,2
8266,8267,4,0,1
8267,8268,6,0,1
8268,8269,4,0,1
8269,8270,4,0,1
8270,8276,5,1,6
8270,8279,5,3,9
8270,8271,2,4,1
8271,8272,8,0,1
8271,8272,8,5,1
8272,8273,8,0,1
8273,8275,1,1,2
8274,8275,4,3,1
8275,8281,5,2,6
8275,8277,2,1,2
8275,8277,3,7,2
8276,8277,4,2,1
8277,8278,4,1,1
8277,8278,3,0,1
8278,8280,1,0,2
8280,8289,5,3,9
8280,8288,1,3,8
8280,8281,3,3,1
8281,8283,6,1,2
8282,8283,8,2,1
8285,8291,1,0,6
8285,8286,5,2,1
8286,8288,3,0,2
8286,8289,0,5,3
8287,8288,7,2,1
8287,8289,6,3,2
8289,8291,2,1,2
8290,8299,7,3,9
8290,8298,5,3,8
8291,8292,4,0,1
8292,8293,9,0,1
8293,8294,4,1,1
8295,8301,2,1,6
8295,8296,4,1,1
8295,8296,5,0,1
8296,8297,6,0,1
8297,8298,7,1,1
8297,8298,8,3,1
8298,8299,1,1,1
8299,8300,7,2,1
8299,8301,2,0,2
8300,8301,2,1,1
8300,8301,4,1,1
8300,8309,7,0,9
8300,8301,3,4,1
8301,8302,7,3,1
8302,8303,4,2,1
8305,8313,3,3,8
8305,8306,3,1,1
8306,8307,6,1,1
8306,8309,5,4,3
8307,8308,7,0,1
8308,8309,9,0,1
8309,8310,0,1,1
8310,8315,3,3,5
8310,8311,4,1,1
8310,8319,7,2,9
8310,8311,2,0,1
8311,8312,1,0,1
8312,8313,6,0,1
8312,8313,0,3,1
8313,8314,1,1,1
8313,8314,3,1,1
8314,8315,3,0,1
8314,8315,2,1,1
8315,8319,9,1,4
8315,8316,4,6,1
8316,8318,4,4,2
8317,8318,3,3,1
8318,8319,4,0,1
8319,8320,5,1,1
8320,8324,8,3,4
8320,8329,0,4,9
8320,8321,4,1,1
8321,8322,3,2,1
8322,8323,5,0,1
8323,8324,9,1,1
8323,8326,6,0,3
8324,8325,0,4,1
8325,8329,6,2,4
8326,8327,2,4,1
8327,8328,5,1,1
8328,8329,9,2,1
8328,8329,9,3,1
8329,8330,8,0,1
8330,8335,7,0,5
8330,8331,4,1,1
8330,8338,2,0,8
8332,8333,2,0,1
8332,8334,6,1,2
8333,8334,9,1,1
8334,8335,5,2,1
8335,8338,3,2,3
8337,8338,0,0,1
8337,8338,2,3,1
8339,8340,4,1,1
8340,8346,3,2,6
8340,8350,4,1,10
8340,8342,2,4,2
8342,8344,6,4,2
8343,8344,0,3,1
8344,8345,3,1,1
8344,8346,5,4,2
8345,8351,1,0,6
8345,8346,3,1,1
8345,8346,3,3,1
8346,8347,7,5,1
8347,8348,2,0,1
8347,8348,4,5,1
8349,8350,4,1,1
8350,8358,4,1,8
8350,8352,6,0,2
8350,8362,5,2,12
8350,8351,9,5,1
8351,8352,5,1,1
8352,8353,6,3,1
8354,8355,7,1,1
8354,8356,1,0,2
8355,8359,3,2,4
8355,8356,7,0,1
8357,8359,2,1,2
8358,8359,6,0,1
8360,8366,6,1,6
8360,8369,6,6,9
8360,8361,4,1,1
8361,8363,9,2,2
8363,8364,7,1,1
8365,8373,3,2,8
8365,8366,3,2,1
8365,8366,7,4,1
8369,8370,5,0,1
8369,8370,3,0,1
8370,8380,3,4,10
8370,8371,2,2,1
8371,8379,3,3,8
8371,8372,5,1,1
8371,8372,5,3,1
8373,8374,6,5,1
8374,8375,6,1,1
8374,8376,8,2,2
8375,8382,8,3,7
8375,8378,5,4,3
8376,8377,3,0,1
8376,8377,4,0,1
8378,8379,7,0,1
8378,8380,3,1,2
8379,8380,4,1,1
8379,8380,7,5,1
8380,8382,4,2,2
8380,8381,4,0,1
8380,8390,5,2,10
8381,8382,3,2,1
8382,8383,4,0,1
8383,8384,8,2,1
8384,8385,8,1,1
8384,8385,4,6,1
8385,8387,0,1,2
8385,8386,3,0,1
8386,8388,5,4,2
8387,8388,7,2,1
8388,8389,9,4,1
8389,8390,6,2,1
8390,8397,4,0,7
8390,8399,3,3,9
8391,8392,3,6,1
8393,8395,8,6,2
8394,8395,3,1,1
8394,8396,5,4,2
8395,8402,7,2,7
8395,8396,8,0,1
8395,8396,6,0,1
8396,8397,4,0,1
8397,8398,5,1,1
8398,8399,6,1,1
8398,8400,4,1,2
8400,8403,9,1,3
8400,8410,6,6,10
8401,8403,3,0,2
8403,8404,8,0,1
8404,8405,4,2,1
8404,8405,4,0,1
8405,8409,6,1,4
8407,8408,6,0,1
8409,8411,6,4,2
8410,8413,2,0,3
8410,8411,6,1,1
8410,8420,2,0,10
8410,8411,4,0,1
8412,8413,1,0,1
8412,8413,3,0,1
8413,8414,4,0,1
8413,8415,4,3,2
8414,8415,0,1,1
8415,8418,8,1,3
8416,8419,3,1,3
8417,8418,4,2,1
8418,8419,6,0,1
8418,8420,8,4,2
8419,8420,7,3,1
8419,8420,3,6,1
8420,8425,4,2,5
8420,8421,4,0,1
8420,8430,0,4,10
8421,8422,4,0,1
8421,8422,0,1,1
8422,8423,9,3,1
8423,8424,2,3,1
8425,8428,0,1,3
8425,8426,4,1,1
8426,8427,8,1,1
8427,8428,7,0,1
8429,8430,1,1,1
8429,8430,4,1,1
8430,8438,4,0,8
8430,8441,4,6,11
8430,8431,4,4,1
8431,8432,4,1,1
8432,8433,2,1,1
8433,8435,3,0,2
8434,8435,8,0,1
8435,8439,4,3,4
8435,8436,6,0,1
8435,8436,5,2,1
8436,8438,4,0,2
8437,8439,8,0,2
8438,8439,6,1,1
8439,8440,3,6,1
8440,8443,3,1,3
8440,8441,3,1,1
8440,8448,3,5,8
8440,8442,6,3,2
8441,8442,2,2,1
8441,8442,3,3,1
8442,8443,1,0,1
8443,8446,6,3,3
8446,8447,3,0,1
8448,8449,6,1,1
8450,8453,9,0,3
8450,8458,6,0,8
8450,8452,6,3,2
8451,8452,2,1,1
8451,8452,7,5,1
8453,8454,5,1,1
8453,8454,0,0,1
8455,8458,8,1,3
8455,8456,2,0,1
8455,8457,9,1,2
8456,8457,3,3,1
8460,8461,0,3,1
8460,8470,4,3,10
8460,8461,7,2,1
8461,8462,4,1,1
8463,8464,8,0,1
8463,8464,6,1,1
8464,8465,6,2,1
8464,8465,8,3,1
8465,8472,3,2,7
8465,8466,5,0,1
8465,8466,8,3,1
8467,8468,8,1,1
8468,8469,5,1,1
8468,8469,7,5,1
8469,8470,3,0,1
8469,8471,6,2,2
8470,8472,0,2,2
8470,8480,4,3,10
8470,8472,5,4,2
8471,8472,3,0,1
8471,8472,4,3,1
8472,8473,8,0,1
8472,8474,6,0,2
8473,8475,8,0,2
8473,8475,0,3,2
8474,8475,9,3,1
8475,8476,6,1,1
8476,8483,4,1,7
8477,8478,3,0,1
8477,8479,6,2,2
8478,8479,0,0,1
8478,8479,2,3,1
8479,8480,5,5,1
8480,8487,4,2,7
8480,8481,7,2,1
8480,8489,4,1,9
8482,8485,5,0,3
8483,8484,3,0,1
8485,8490,7,2,5
8485,8487,4,5,2
8487,8488,5,1,1
8487,8488,4,2,1
8488,8489,4,0,1
8490,8495,1,3,5
8490,8491,5,1,1
8490,8500,7,3,10
8490,8491,3,3,1
8492,8493,2,2,1
8494,8495,7,0,1
8495,8499,0,2,4
8495,8497,6,0,2
8495,8497,5,0,2
8496,8497,7,1,1
8497,8498,7,1,1
8498,8499,4,3,1
8499,8500,6,6,1
8500,8508,6,1,8
8500,8510,1,0,10
8500,8502,7,4,2
8502,8503,3,0,1
8504,8505,3,1,1
8504,8506,5,2,2
8505,8513,6,2,8
8506,8507,3,0,1
8507,8508,5,1,1
8508,8509,7,1,1
8508,8509,7,3,1
8509,8510,5,0,1
8509,8510,1,2,1
8510,8512,5,2,2
8510,8519,8,0,9
8510,8511,4,2,1
8511,8512,4,1,1
8512,8513,5,1,1
8512,8514,6,2,2
8513,8514,9,0,1
8513,8515,4,1,2
8515,8523,4,2,8
8515,8516,6,0,1
8517,8518,9,0,1
8518,8519,3,0,1
8519,8520,2,0,1
8520,8524,3,0,4
8520,8521,5,1,1
8520,8531,3,3,11
8521,8523,8,2,2
8523,8524,3,4,1
8524,8525,4,4,1
8525,8530,2,2,5
8525,8526,2,0,1
8525,8526,3,5,1
8527,8529,7,0,2
8528,8529,4,0,1
8528,8529,5,0,1
8529,8530,7,0,1
8529,8530,6,4,1
8530,8535,1,1,5
8530,8531,3,0,1
8530,8540,3,5,10
8531,8532,6,0,1
8531,8532,5,1,1
8533,8534,3,0,1
8533,8535,2,5,2
8535,8537,6,2,2
8535,8536,6,2,1
8536,8537,2,1,1
8536,8538,4,1,2
8539,8540,7,0,1
8540,8542,4,0,2
8540,8541,7,1,1
8540,8548,3,4,8
8540,8541,1,5,1
8541,8542,6,0,1
8542,8543,1,0,1
8543,8544,5,0,1
8545,8558,6,2,13
8545,8546,7,5,1
8546,8547,4,0,1
8546,8547,9,1,1
8547,8548,6,0,1
8548,8549,4,1,1
8548,8549,5,4,1
8550,8554,4,2,4
8550,8551,0,0,1
8550,8559,6,5,9
8550,8552,5,4,2
8551,8552,4,0,1
8551,8552,3,2,1
8553,8554,0,3,1
8553,8554,4,0,1
8554,8558,6,3,4
8555,8559,1,2,4
8555,8556,3,2,1
8557,8558,3,0,1
8558,8559,2,5,1
8559,8560,4,0,1
8560,8562,0,0,2
8560,8561,4,1,1
8560,8568,5,5,8
8561,8562,3,4,1
8563,8564,8,0,1
8563,8564,2,3,1
8565,8569,3,0,4
8566,8568,8,0,2
8568,8570,6,0,2
8569,8570,5,2,1
8569,8571,5,6,2
8570,8572,4,0,2
8570,8579,7,0,9
8570,8571,4,4,1
8571,8573,5,1,2
8572,8573,4,1,1
8573,8574,8,0,1
8573,8575,4,4,2
8574,8575,6,1,1
8574,8575,3,2,1
8575,8580,6,2,5
8575,8576,5,0,1
8575,8576,1,5,1
8577,8578,1,1,1
8577,8578,3,2,1
8578,8579,5,2,1
8578,8579,3,0,1
8579,8580,5,3,1
8580,8591,6,2,11
8580,8582,8,1,2
8581,8589,5,2,8
8584,8585,0,1,1
8584,8585,4,3,1
8585,8588,2,2,3
8586,8588,5,6,2
8587,8588,6,5,1
8588,8589,3,1,1
8588,8589,0,4,1
8590,8599,5,1,9
8590,8601,6,1,11
8591,8592,4,0,1
8592,8593,6,3,1
8592,8593,7,2,1
8593,8595,7,4,2
8594,8595,9,0,1
8595,8600,5,1,5
8595,8596,6,0,1
8596,8597,4,5,1
8597,8598,4,3,1
8598,8599,9,0,1
8599,8600,5,2,1
8600,8608,2,2,8
8600,8610,1,3,10
8601,8602,4,0,1
8601,8602,0,3,1
8603,8604,8,0,1
8603,8604,6,1,1
8605,8610,4,0,5
8605,8606,0,0,1
8605,8606,4,4,1
8606,8607,8,0,1
8608,8609,7,1,1
8609,8610,3,1,1
8610,8612,1,3,2
8610,8619,0,0,9
8612,8613,5,0,1
8613,8614,8,5,1
8614,8615,6,0,1
8615,8617,8,1,2
8615,8616,4,6,1
8616,8619,5,2,3
8617,8618,9,2,1
8617,8618,5,3,1
8619,8620,5,2,1
8619,8620,6,2,1
8620,8626,6,1,6
8620,8621,5,0,1
8620,8630,3,0,10
8620,8621,9,2,1
8622,8623,5,0,1
8622,8624,5,6,2
8623,8624,3,3,1
8625,8627,2,0,2
8625,8626,0,0,1
8627,8629,3,0,2
8628,8630,3,0,2
8629,8630,5,1,1
8629,8631,8,2,2
8630,8635,4,2,5
8630,8641,3,5,11
8631,8632,3,0,1
8632,8634,4,0,2
8632,8633,8,5,1
8633,8634,9,4,1
8634,8635,6,0,1
8635,8636,2,4,1
8636,8639,6,2,3
8636,8638,4,3,2
8637,8638,3,1,1
8637,8639,4,1,2
8638,8639,8,2,1
8639,8640,3,0,1
8639,8640,3,4,1
8640,8649,9,2,9
8640,8648,5,3,8
8640,8641,7,2,1
8641,8643,3,4,2
8642,8643,0,0,1
8642,8643,4,4,1
8643,8645,4,4,2
8645,8647,7,2,2
8646,8647,6,5,1
8647,8648,3,0,1
8647,8649,4,4,2
8648,8649,3,1,1
8648,8649,4,2,1
8650,8658,6,1,8
8651,8652,1,0,1
8652,8659,4,3,7
8653,8654,7,2,1
8654,8655,5,2,1
8655,8660,3,0,5
8655,8656,3,3,1
8657,8658,5,1,1
8659,8660,5,5,1
8660,8662,7,1,2
8660,8661,0,2,1
8660,8670,9,1,10
8660,8661,7,5,1
8663,8664,2,1,1
8664,8665,8,0,1
8664,8665,7,2,1
8665,8673,7,0,8
8666,8668,3,3,2
8667,8668,6,0,1
8669,8670,1,2,1
8670,8672,6,2,2
8670,8671,8,1,1
8670,8678,1,0,8
8670,8672,6,3,2
8671,8672,4,1,1
8671,8672,6,2,1
8672,8673,7,1,1
8673,8674,6,0,1
8674,8675,4,0,1
8675,8677,7,2,2
8675,8676,2,1,1
8675,8676,1,1,1
8676,8677,6,0,1
8677,8678,3,5,1
8678,8679,4,1,1
8678,8679,5,1,1
8680,8687,5,0,7
8680,8681,6,0,1
8680,8691,4,1,11
8682,8683,3,1,1
8682,8684,5,7,2
8683,8684,7,1,1
8683,8685,3,4,2
8685,8688,5,2,3
8685,8686,5,0,1
8686,8687,6,1,1
8686,8687,8,2,1
8687,8688,6,0,1
8687,8688,5,5,1
8688,8689,4,3,1
8688,8689,5,4,1
8690,8695,6,2,5
8690,8691,5,1,1
8690,8700,6,5,10
8691,8692,4,1,1
8692,8693,5,0,1
8692,8693,4,1,1
8693,8695,9,4,2
8695,8699,6,0,4
8695,8696,3,3,1
8696,8697,5,1,1
8696,8697,1,0,1
8697,8699,6,1,2
8698,8699,1,2,1
8699,8700,4,0,1
8700,8704,3,1,4
8700,8711,5,2,11
8701,8703,2,6,2
8703,8704,5,1,1
8704,8705,1,2,1
8705,8712,2,1,7
8706,8707,5,1,1
8707,8708,8,1,1
8707,8708,7,2,1
8708,8709,4,2,1
8709,8710,4,1,1
8710,8715,9,2,5
8710,8721,9,4,11
8711,8713,3,7,2
8712,8713,4,0,1
8712,8713,5,8,1
8713,8715,3,3,2
8714,8715,1,2,1
8714,8715,4,1,1
8716,8717,1,2,1
8716,8717,4,2,1
8716,8717,3,3,1
8717,8718,9,0,1
8717,8718,4,2,1
8718,8720,0,1,2
8719,8720,6,0,1
8720,8724,2,1,4
8720,8731,8,3,11
8720,8722,6,2,2
8721,8722,4,3,1
8723,8724,7,0,1
8724,8727,4,3,3
8725,8730,0,1,5
8726,8728,6,1,2
8727,8728,7,5,1
8729,8730,5,1,1
8730,8742,8,3,12
8731,8734,2,3,3
8731,8732,7,1,1
8731,8732,6,4,1
8732,8733,6,1,1
8733,8734,1,3,1
8734,8735,9,0,1
8734,8736,2,1,2
8735,8739,9,4,4
8735,8736,1,2,1
8735,8737,1,5,2
8736,8738,0,2,2
8737,8738,4,1,1
8737,8739,0,0,2
8738,8739,3,1,1
8738,8740,3,4,2
8739,8741,2,3,2
8740,8741,9,1,1
8740,8750,5,1,10
8740,8741,6,3,1
8741,8742,2,2,1
8742,8743,4,2,1
8743,8744,6,0,1
8744,8745,3,5,1
8745,8747,9,1,2
8745,8746,5,1,1
8745,8748,7,1,3
8748,8749,6,0,1
8749,8750,1,1,1
8749,8750,4,0,1
8750,8758,4,2,8
8750,8761,2,4,11
8750,8751,4,3,1
8751,8752,0,0,1
8752,8753,5,0,1
8753,8755,5,0,2
8754,8755,4,1,1
8755,8758,1,0,3
8755,8757,3,0,2
8756,8757,7,2,1
8758,8759,2,0,1
8759,8760,1,1,1
8760,8769,2,2,9
8760,8761,5,0,1
8760,8770,2,1,10
8761,8762,0,0,1
8762,8763,9,1,1
8762,8763,3,0,1
8764,8765,5,0,1
8765,8771,6,1,6
8765,8766,4,0,1
8765,8766,4,1,1
8766,8767,5,2,1
8768,8769,2,1,1
8768,8769,0,3,1
8769,8771,4,2,2
8770,8775,5,2,5
8770,8779,3,2,9
8771,8772,4,0,1
8772,8774,8,1,2
8773,8774,3,0,1
8773,8774,7,3,1
8774,8775,8,2,1
8774,8776,6,0,2
8775,8784,4,1,9
8775,8777,6,6,2
8777,8779,2,0,2
8777,8779,5,4,2
8778,8779,5,0,1
8780,8782,8,1,2
8780,8781,4,0,1
8780,8791,5,1,11
8780,8782,3,4,2
8781,8782,5,1,1
8781,8782,5,1,1
8782,8783,4,1,1
8782,8783,1,1,1
8783,8784,5,0,1
8783,8784,5,0,1
8784,8785,1,1,1
8785,8787,6,3,2
8785,8786,3,3,1
8786,8787,3,1,1
8787,8788,2,3,1
8787,8788,5,0,1
8788,8791,3,4,3
8790,8794,9,0,4
8790,8800,0,2,10
8790,8792,2,4,2
8791,8792,9,0,1
8791,8793,5,4,2
8792,8793,4,2,1
8793,8794,3,3,1
8794,8795,1,2,1
8795,8803,3,1,8
8796,8797,4,2,1
8796,8797,3,3,1
8797,8798,5,1,1
8800,8807,2,2,7
8800,8801,0,1,1
8800,8809,3,4,9
8800,8802,1,3,2
8801,8802,9,1,1
8803,8804,6,0,1
8803,8804,4,2,1
8804,8805,5,5,1
8805,8814,3,2,9
8805,8806,0,3,1
8807,8808,2,0,1
8808,8809,4,0,1
8809,8812,5,4,3
8810,8812,5,2,2
8810,8811,2,0,1
8810,8820,6,2,10
8810,8811,9,4,1
8811,8812,5,1,1
8812,8813,6,0,1
8812,8814,6,7,2
8813,8814,9,3,1
8815,8818,3,1,3
8815,8816,6,2,1
8815,8816,1,1,1
8816,8818,6,0,2
8817,8818,6,0,1
8817,8820,6,5,3
8818,8819,5,3,1
8819,8820,6,0,1
8819,8821,5,4,2
8820,8829,3,5,9
8820,8821,7,3,1
8821,8824,7,0,3
8821,8823,3,4,2
8822,8823,3,0,1
8822,8824,7,2,2
8823,8824,3,3,1
8824,8825,4,3,1
8824,8825,4,5,1
8825,8830,8,3,5
8825,8826,1,0,1
8826,8827,9,0,1
8827,8828,2,1,1
8828,8829,8,1,1
8829,8830,3,1,1
8830,8833,1,2,3
8830,8838,9,4,8
8830,8831,2,3,1
8833,8834,2,3,1
8835,8838,4,3,3
8835,8836,2,0,1
8835,8838,3,1,3
8836,8837,6,2,1
8837,8838,3,1,1
8838,8840,7,1,2
8840,8845,4,2,5
8840,8849,6,4,9
8841,8842,1,2,1
8841,8842,4,1,1
8842,8843,5,0,1
8843,8844,0,4,1
8844,8845,7,1,1
8844,8847,2,2,3
8845,8849,3,1,4
8846,8847,1,0,1
8847,8848,9,0,1
8847,8848,4,1,1
8849,8850,5,1,1
8849,8851,6,3,2
8850,8851,5,2,1
8850,8860,9,5,10
8851,8852,5,1,1
8852,8853,2,0,1
8853,8855,5,4,2
8854,8855,6,0,1
8854,8855,6,2,1
8855,8860,8,1,5
8856,8857,5,1,1
8857,8858,5,2,1
8857,8858,7,3,1
8859,8860,4,0,1
8860,8867,4,1,7
8860,8861,3,0,1
8860,8870,3,7,10
8860,8862,6,3,2
8861,8862,5,1,1
8861,8862,4,1,1
8862,8863,1,0,1
8862,8864,4,4,2
8864,8865,7,6,1
8865,8868,5,1,3
8865,8866,8,0,1
8866,8867,4,1,1
8867,8868,5,1,1
8867,8868,4,3,1
8869,8870,2,0,1
8870,8880,2,0,10
8870,8872,4,5,2
8871,8878,4,2,7
8873,8876,4,2,3
8874,8875,2,0,1
8875,8880,8,0,5
8875,8876,7,2,1
8875,8877,3,2,2
8876,8877,8,1,1
8877,8878,3,1,1
8879,8880,3,4,1
8880,8883,0,3,3
8880,8889,2,1,9
8881,8882,5,0,1
8881,8882,5,1,1
8882,8884,7,5,2
8883,8884,6,1,1
8884,8886,2,3,2
8885,8886,4,1,1
8885,8886,4,1,1
8885,8886,4,3,1
8886,8887,6,2,1
8886,8887,6,2,1
8887,8889,9,0,2
8887,8888,5,5,1
8888,8889,2,0,1
8890,8893,9,0,3
8890,8891,3,1,1
8890,8898,7,1,8
8891,8893,3,3,2
8893,8894,5,2,1
8894,8895,6,0,1
8894,8895,5,1,1
8895,8898,1,2,3
8895,8896,4,0,1
8895,8896,6,3,1
8896,8897,5,3,1
8898,8899,4,1,1
8899,8900,4,0,1
8900,8904,2,0,4
8900,8901,2,0,1
8900,8910,7,0,10
8901,8902,6,0,1
8902,8903,3,1,1
8902,8903,5,0,1
8903,8904,8,0,1
8904,8905,2,0,1
8904,8906,6,3,2
8905,8909,7,0,4
8905,8906,5,1,1
8907,8908,5,1,1
8908,8910,8,2,2
8909,8910,5,1,1
8909,8911,7,3,2
8910,8914,5,1,4
8910,8911,8,0,1
8910,8920,6,4,10
8910,8911,6,3,1
8912,8913,3,2,1
8912,8913,0,2,1
8913,8914,6,1,1
8915,8920,4,3,5
8915,8916,3,0,1
8917,8918,7,0,1
8917,8918,6,4,1
8918,8919,3,0,1
8918,8919,6,1,1
8919,8921,7,1,2
8920,8925,5,2,5
8920,8929,7,2,9
8920,8921,3,4,1
8921,8922,3,0,1
8922,8923,3,0,1
8923,8924,1,2,1
8923,8925,8,4,2
8925,8928,4,2,3
8925,8926,6,3,1
8927,8928,5,0,1
8928,8929,5,0,1
8929,8930,9,0,1
8929,8931,5,6,2
8930,8939,5,0,9
8930,8931,5,2,1
8930,8939,2,2,9
8931,8932,7,6,1
8932,8933,7,1,1
8933,8934,7,4,1
8934,8935,4,6,1
8935,8941,2,2,6
8935,8936,7,0,1
8936,8937,1,3,1
8937,8938,5,0,1
8938,8939,6,1,1
8939,8940,5,4,1
8940,8946,3,0,6
8940,8951,4,0,11
8942,8943,3,2,1
8943,8944,9,1,1
8944,8945,1,1,1
8945,8951,5,0,6
8945,8946,7,1,1
8947,8949,5,5,2
8949,8951,6,0,2
8949,8950,4,2,1
8950,8956,6,0,6
8950,8951,9,0,1
8950,8959,2,4,9
8951,8953,5,0,2
8952,8953,1,1,1
8952,8953,6,4,1
8953,8954,0,6,1
8954,8955,6,2,1
8955,8959,3,0,4
8955,8957,5,0,2
8956,8957,5,0,1
8956,8958,1,2,2
8959,8960,6,4,1
8960,8967,2,2,7
8960,8961,6,0,1
8960,8969,3,4,9
8961,8962,6,5,1
8964,8965,6,2,1
8964,8965,6,2,1
8966,8968,1,2,2
8966,8967,2,0,1
8967,8968,6,2,1
8968,8969,7,0,1
8969,8970,1,0,1
8970,8974,7,1,4
8970,8979,1,2,9
8971,8972,5,1,1
8971,8972,5,1,1
8972,8973,7,4,1
8973,8975,1,1,2
8974,8977,8,2,3
8975,8977,6,1,2
8975,8976,5,1,1
8975,8978,4,1,3
8978,8979,7,0,1
8978,8979,3,0,1
8979,8980,3,1,1
8979,8980,7,9,1
8980,8984,3,3,4
8980,8989,1,2,9
8980,8981,5,3,1
8981,8982,7,1,1
8981,8982,9,5,1
8985,8987,7,0,2
8985,8986,2,7,1
8986,8987,4,0,1
8987,8988,3,1,1
8990,8992,0,1,2
8990,8999,0,0,9
8990,8992,6,1,2
8991,8992,0,1,1
8992,8993,8,0,1
8992,8993,9,4,1
8995,8999,0,1,4
8995,8997,8,1,2
8996,8997,3,1,1
8997,8998,2,2,1
8999,9001,8,0,2
8999,9000,9,5,1
9000,9005,5,1,5
9000,9007,5,2,7
9002,9003,4,0,1
9005,9012,5,5,7
9005,9006,2,1,1
9005,9006,4,0,1
9006,9007,5,1,1
9006,9007,6,2,1
9007,9008,5,0,1
9008,9009,9,0,1
9010,9016,4,2,6
9010,9019,8,3,9
9010,9011,1,3,1
9011,9012,7,1,1
9012,9013,8,0,1
9012,9014,5,2,2
9013,9014,5,5,1
9015,9020,3,0,5
9017,9019,2,0,2
9018,9019,4,0,1
9019,9020,8,1,1
9019,9021,2,4,2
9020,9025,7,4,5
9020,9021,6,1,1
9020,9031,3,0,11
9020,9021,2,1,1
9023,9024,3,0,1
9024,9025,4,1,1
9025,9029,1,2,4
9025,9026,7,0,1
9025,9026,9,4,1
9027,9028,0,2,1
9027,9029,3,2,2
9029,9030,1,2,1
9030,9040,1,2,10
9030,9031,2,2,1
9031,9035,1,3,4
9032,9033,1,0,1
9032,9034,7,6,2
9033,9035,7,3,2
9034,9035,1,0,1
9035,9039,1,3,4
9035,9036,3,0,1
9036,9037,2,1,1
9036,9037,0,4,1
9037,9038,7,0,1
9037,9039,2,5,2
9038,9039,8,4,1
9039,9040,4,0,1
9040,9046,2,1,6
9040,9042,3,1,2
9040,9050,4,2,10
9040,9041,5,1,1
9041,9042,3,2,1
9044,9045,4,0,1
9045,9049,6,1,4
9045,9046,9,0,1
9046,9047,7,2,1
9047,9050,8,4,3
9049,9051,2,1,2
9050,9060,5,1,10
9050,9051,7,1,1
9050,9061,7,7,11
9050,9051,4,0,1
9051,9052,7,3,1
9052,9053,2,0,1
9053,9054,2,0,1
9053,9054,2,4,1
9054,9055,4,1,1
9055,9056,5,2,1
9055,9056,8,0,1
9055,9057,2,3,2
9056,9057,4,0,1
9057,9058,6,0,1
9058,9059,3,2,1
9058,9059,5,0,1
9059,9060,3,2,1
9060,9066,6,1,6
9060,9070,4,2,10
9061,9062,7,4,1
9062,9063,3,4,1
9063,9064,6,1,1
9063,9064,5,0,1
9065,9072,6,3,7
9065,9066,8,1,1
9067,9068,2,2,1
9068,9069,2,1,1
9069,9070,2,0,1
9069,9070,1,5,1
9070,9073,9,1,3
9070,9071,7,1,1
9070,9081,4,1,11
9070,9072,4,3,2
9072,9074,7,0,2
9073,9074,6,0,1
9073,9074,1,3,1
9074,9075,1,2,1
9075,9079,7,1,4
9075,9076,7,0,1
9075,9076,2,3,1
9076,9077,2,0,1
9077,9078,5,0,1
9078,9079,2,1,1
9079,9080,5,0,1
9080,9086,0,2,6
9080,9090,4,7,10
9081,9082,8,0,1
9081,9082,4,2,1
9082,9083,5,2,1
9083,9084,6,4,1
9084,9085,2,0,1
9084,9085,8,1,1
9085,9090,5,0,5
9085,9086,1,0,1
9086,9087,5,2,1
9087,9088,4,2,1
9088,9089,3,0,1
9089,9091,5,3,2
9090,9099,7,3,9
9091,9096,0,0,5
9091,9092,3,1,1
9091,9092,5,5,1
9093,9094,5,4,1
9094,9095,1,1,1
9094,9095,2,6,1
9095,9104,5,1,9
9095,9096,7,2,1
9096,9097,5,0,1
9098,9099,0,0,1
9099,9100,2,1,1
9099,9100,4,2,1
9100,9104,2,1,4
9100,9108,9,0,8
9100,9101,7,4,1
9101,9103,3,4,2
9102,9103,5,0,1
9103,9104,3,1,1
9103,9104,3,0,1
9104,9106,1,0,2
9104,9106,2,6,2
9105,9106,0,4,1
9105,9107,5,0,2
9107,9108,3,0,1
9109,9110,7,0,1
9109,9110,2,0,1
9110,9111,1,1,1
9110,9119,5,5,9
9111,9115,3,2,4
9111,9112,9,6,1
9112,9113,5,1,1
9113,9114,4,0,1
9113,9115,2,4,2
9114,9115,6,0,1
9115,9119,3,1,4
9115,9116,2,3,1
9118,9119,5,1,1
9118,9120,3,4,2
9119,9120,7,0,1
9120,9126,6,1,6
9120,9129,4,2,9
9120,9122,6,3,2
9121,9122,5,2,1
9121,9123,5,1,2
9123,9124,0,0,1
9124,9125,1,1,1
9124,9126,1,2,2
9125,9128,6,0,3
9125,9126,0,2,1
9126,9127,7,2,1
9127,9128,3,0,1
9128,9130,0,6,2
9129,9130,9,0,1
9130,9138,4,2,8
9130,9131,7,1,1
9130,9140,2,2,10
9130,9131,6,0,1
9131,9132,5,2,1
9131,9133,7,0,2
9132,9133,4,0,1
9132,9133,1,3,1
9134,9135,8,2,1
9134,9135,2,0,1
9135,9139,3,2,4
9135,9136,1,0,1
9135,9136,5,2,1
9136,9137,9,1,1
9137,9139,5,1,2
9137,9138,8,1,1
9139,9140,6,1,1
9140,9144,9,2,4
9140,9142,9,0,2
9140,9151,3,3,11
9142,9144,5,4,2
9146,9152,5,1,6
9146,9147,6,1,1
9146,9149,2,0,3
9149,9150,8,1,1
9149,9150,8,5,1
9150,9154,1,2,4
9150,9159,6,4,9
9151,9152,3,0,1
9151,9152,1,0,1
9153,9154,6,0,1
9153,9154,0,1,1
9154,9155,2,0,1
9154,9155,4,5,1
9155,9157,5,3,2
9155,9156,5,0,1
9160,9167,2,2,7
9160,9169,3,0,9
9161,9163,6,3,2
9163,9164,6,0,1
9163,9164,7,4,1
9164,9165,3,0,1
9164,9166,5,0,2
9165,9166,5,1,1
9166,9167,9,1,1
9166,9167,2,1,1
9167,9168,4,0,1
9167,9168,7,3,1
9168,9169,6,1,1
9169,9170,6,0,1
9169,9170,3,3,1
9170,9175,6,2,5
9170,9178,6,2,8
9170,9172,0,5,2
9172,9173,5,1,1
9173,9175,8,0,2
9173,9174,8,3,1
9174,9175,3,1,1
9175,9183,5,2,8
9175,9177,7,4,2
9176,9177,6,1,1
9177,9178,8,2,1
9178,9179,6,0,1
9180,9184,0,3,4
9180,9190,5,2,10
9180,9182,4,3,2
9181,9182,2,0,1
9181,9182,1,0,1
9182,9184,0,0,2
9183,9184,0,5,1
9184,9185,6,2,1
9184,9185,4,0,1
9185,9186,8,0,1
9185,9186,9,3,1
9186,9187,4,1,1
9187,9188,6,2,1
9188,9189,2,0,1
9189,9190,0,1,1
9189,9190,5,5,1
9190,9195,4,1,5
9190,9201,5,2,11
9190,9192,4,2,2
9191,9192,2,2,1
9192,9194,4,1,2
9194,9195,3,1,1
9195,9196,9,2,1
9196,9201,2,2,5
9196,9197,1,1,1
9197,9198,5,0,1
9197,9198,8,0,1
9198,9199,4,0,1
9198,9199,2,0,1
9200,9206,1,1,6
9200,9211,4,4,11
9200,9201,7,2,1
9201,9202,7,0,1
9202,9203,2,0,1
9202,9203,5,3,1
9204,9205,7,0,1
9205,9216,5,3,11
9205,9206,1,0,1
9207,9208,2,2,1
9208,9209,7,0,1
9208,9209,9,3,1
9209,9210,7,0,1
9210,9215,2,2,5
9210,9218,7,1,8
9213,9214,4,1,1
9214,9215,7,2,1
9215,9221,6,2,6
9215,9217,8,3,2
9218,9220,5,1,2
9220,9225,0,2,5
9220,9228,3,3,8
9220,9222,8,5,2
9222,9223,3,2,1
9222,9223,3,0,1
9223,9224,4,0,1
9224,9225,1,0,1
9225,9231,7,2,6
9227,9228,9,0,1
9227,9229,4,3,2
9229,9230,4,0,1
9230,9236,4,0,6
9230,9231,7,0,1
9230,9237,0,5,7
9230,9231,8,0,1
9231,9232,5,1,1
9234,9235,2,1,1
9235,9236,8,1,1
9235,9237,1,4,2
9236,9241,1,2,5
9236,9237,5,0,1
9236,9237,6,2,1
9240,9243,5,2,3
9240,9241,4,2,1
9240,9249,4,4,9
9241,9242,6,0,1
9241,9242,5,2,1
9242,9244,7,0,2
9243,9244,3,4,1
9244,9245,2,0,1
9244,9246,2,2,2
9245,9250,5,1,5
9245,9246,5,3,1
9246,9247,4,1,1
9247,9248,3,1,1
9247,9249,0,3,2
9248,9249,4,2,1
9250,9253,5,2,3
9250,9259,7,1,9
9251,9252,8,1,1
9251,9252,2,4,1
9252,9253,5,2,1
9253,9254,6,0,1
9254,9256,5,0,2
9255,9258,4,1,3
9255,9256,8,4,1
9256,9257,6,0,1
9257,9258,5,4,1
9258,9259,0,0,1
9258,9259,7,4,1
9259,9260,6,0,1
9260,9265,5,2,5
9260,9270,4,1,10
9261,9262,8,4,1
9262,9263,3,2,1
9263,9264,0,0,1
9265,9271,4,1,6
9265,9266,4,2,1
9265,9266,2,2,1
9266,9267,4,8,1
9267,9269,2,0,2
9268,9269,7,0,1
9268,9269,1,3,1
9269,9270,0,1,1
9269,9271,3,4,2
9270,9277,6,1,7
9270,9278,8,8,8
9270,9271,6,0,1
9271,9272,3,5,1
9272,9273,4,1,1
9272,9274,5,3,2
9273,9274,5,0,1
9273,9274,3,4,1
9274,9275,2,1,1
9275,9280,4,4,5
9276,9277,9,1,1
9276,9277,4,3,1
9279,9281,3,3,2
9280,9283,4,1,3
9280,9288,9,6,8
9280,9282,3,0,2
9281,9282,3,1,1
9281,9282,1,0,1
9282,9283,4,5,1
9283,9284,4,0,1
9284,9285,4,0,1
9285,9289,6,2,4
9285,9286,4,1,1
9285,9287,5,0,2
9288,9289,9,1,1
9288,9289,2,4,1
9289,9290,1,2,1
9290,9293,3,2,3
9290,9300,1,5,10
9293,9294,4,0,1
9293,9295,6,0,2
9294,9295,3,0,1
9294,9295,3,3,1
9295,9302,6,2,7
9295,9296,6,0,1
9295,9296,4,4,1
9296,9297,7,1,1
9296,9297,5,3,1
9297,9298,5,0,1
9297,9298,5,2,1
9299,9300,7,0,1
9300,9304,9,3,4
9300,9301,5,0,1
9300,9309,3,0,9
9302,9303,1,0,1
9303,9304,3,4,1
9305,9311,6,1,6
9306,9307,3,0,1
9309,9311,2,3,2
9310,9312,4,0,2
9310,9319,5,6,9
9310,9311,2,2,1
9312,9313,1,3,1
9313,9314,0,0,1
9314,9315,6,4,1
9315,9321,6,1,6
9315,9316,8,1,1
9316,9317,2,0,1
9317,9320,4,1,3
9318,9319,6,0,1
9318,9319,8,3,1
9320,9324,2,3,4
9320,9329,8,0,9
9320,9322,3,7,2
9321,9322,3,4,1
9322,9323,6,2,1
9324,9326,3,0,2
9325,9328,5,1,3
9325,9326,6,0,1
9326,9327,6,0,1
9327,9328,3,4,1
9328,9329,5,4,1
9329,9330,3,0,1
9330,9335,4,4,5
9330,9331,6,0,1
9330,9340,3,5,10
9330,9331,3,2,1
9331,9332,6,2,1
9332,9333,5,0,1
9335,9345,9,1,10
9335,9336,4,3,1
9338,9339,9,0,1
9339,9340,3,1,1
9339,9341,9,2,2
9340,9347,3,1,7
9340,9348,8,4,8
9340,9341,8,3,1
9341,9342,4,2,1
9342,9344,8,1,2
9343,9345,5,4,2
9344,9345,1,0,1
9345,9350,9,4,5
9345,9346,5,3,1
9346,9347,2,1,1
9346,9348,8,2,2
9347,9348,1,1,1
9348,9349,3,2,1
9350,9353,7,2,3
9350,9360,1,0,10
9350,9351,3,4,1
9351,9352,8,3,1
9352,9353,9,2,1
9353,9354,3,2,1
9354,9357,7,2,3
9355,9363,7,1,8
9355,9356,1,0,1
9356,9357,4,1,1
9356,9358,6,4,2
9357,9359,5,0,2
9359,9360,5,8,1
9360,9365,3,1,5
9360,9371,3,4,11
9360,9361,7,3,1
9361,9363,0,4,2
9362,9364,8,4,2
9363,9364,4,1,1
9363,9365,1,2,2
9364,9365,7,1,1
9365,9366,8,1,1
9365,9366,9,2,1
9366,9367,0,3,1
9366,9368,5,2,2
9367,9368,4,2,1
9368,9370,3,2,2
9369,9370,5,1,1
9369,9370,2,1,1
9370,9373,6,0,3
9370,9371,7,1,1
9370,9379,5,1,9
9371,9372,5,4,1
9374,9377,9,1,3
9375,9379,4,1,4
9375,9376,4,2,1
9376,9377,7,0,1
9376,9378,7,1,2
9377,9379,8,2,2
9378,9380,7,0,2
9379,9380,4,1,1
9380,9387,4,3,7
9380,9381,5,0,1
9380,9388,5,4,8
9381,9382,1,0,1
9381,9383,5,1,2
9382,9383,8,1,1
9382,9383,7,5,1
9383,9384,9,1,1
9383,9385,2,3,2
9385,9391,2,1,6
9385,9386,4,2,1
9385,9386,0,4,1
9386,9387,5,1,1
9387,9388,9,1,1
9389,9390,4,1,1
9390,9402,7,2,12
9390,9400,5,0,10
9390,9391,2,3,1
9392,9393,1,2,1
9393,9394,3,1,1
9394,9395,3,0,1
9394,9395,7,3,1
9395,9398,1,1,3
9395,9396,4,0,1
9395,9397,7,3,2
9396,9397,0,0,1
9397,9398,8,3,1
9398,9399,2,0,1
9399,9400,4,0,1
9400,9405,5,2,5
9400,9410,7,2,10
9400,9401,6,3,1
9401,9402,6,1,1
9401,9402,4,3,1
9402,9403,1,0,1
9403,9404,5,2,1
9404,9405,5,1,1
9404,9405,5,4,1
9405,9411,5,1,6
9406,9407,9,2,1
9406,9407,3,2,1
9407,9408,6,5,1
9409,9410,4,1,1
9409,9410,6,2,1
9410,9414,7,2,4
9410,9411,6,1,1
9410,9420,2,0,10
9411,9412,4,1,1
9411,9413,3,0,2
9412,9413,4,0,1
9412,9413,6,5,1
9413,9414,0,0,1
9414,9415,4,1,1
9415,9421,4,3,6
9415,9416,3,0,1
9418,9419,3,1,1
9418,9420,7,2,2
9419,9420,5,1,1
9420,9427,7,1,7
9420,9428,7,3,8
9420,9421,2,0,1
9421,9422,4,4,1
9422,9423,8,1,1
9423,9425,2,0,2
9425,9431,2,3,6
9425,9426,6,0,1
9426,9427,6,0,1
9427,9428,2,0,1
9428,9430,6,1,2
9428,9430,2,5,2
9429,9430,4,7,1
9430,9433,0,2,3
9430,9441,8,2,11
9430,9431,3,5,1
9432,9433,9,3,1
9433,9434,6,0,1
9434,9435,5,0,1
9434,9436,4,2,2
9435,9440,4,1,5
9435,9436,3,1,1
9436,9437,5,1,1
9437,9438,0,0,1
9437,9438,6,2,1
9440,9449,7,4,9
9440,9441,5,1,1
9440,9448,1,2,8
9442,9444,4,0,2
9443,9444,6,2,1
9444,9445,6,1,1
9445,9451,8,2,6
9445,9447,2,1,2
9446,9447,2,0,1
9446,9447,4,6,1
9448,9449,7,0,1
9448,9450,4,2,2
9449,9450,3,1,1
9449,9450,4,2,1
9450,9458,3,2,8
9450,9459,2,5,9
9450,9451,6,2,1
9452,9453,5,0,1
9452,9454,7,4,2
9453,9454,4,7,1
9454,9456,3,4,2
9455,9457,2,0,2
9455,9456,2,1,1
9456,9458,4,6,2
9458,9460,5,1,2
9459,9460,9,0,1
9459,9460,4,3,1
9460,9463,7,0,3
9460,9470,7,4,10
9460,9462,4,1,2
9461,9463,0,2,2
9462,9463,0,0,1
9462,9463,1,0,1
9463,9464,2,0,1
9465,9469,0,0,4
9465,9466,6,1,1
9468,9469,0,2,1
9469,9470,7,1,1
9469,9470,9,2,1
9470,9478,8,0,8
9470,9478,4,2,8
9470,9472,0,0,2
9471,9472,2,1,1
9471,9473,5,3,2
9472,9474,3,2,2
9472,9473,5,4,1
9473,9474,1,0,1
9474,9475,6,0,1
9475,9476,9,3,1
9475,9476,6,0,1
9475,9477,6,5,2
9476,9477,6,0,1
9476,9477,5,2,1
9477,9479,5,5,2
9479,9480,3,3,1
9480,9485,2,1,5
9480,9481,3,1,1
9480,9492,3,3,12
9480,9481,8,0,1
9481,9482,5,0,1
9482,9483,1,1,1
9483,9486,3,2,3
9485,9489,9,3,4
9486,9487,3,4,1
9488,9489,6,1,1
9488,9489,7,3,1
9489,9490,8,0,1
9490,9495,0,1,5
9490,9492,8,0,2
9490,9500,3,4,10
9491,9492,5,2,1
9491,9494,6,2,3
9492,9493,4,1,1
9492,9493,5,1,1
9493,9494,2,0,1
9493,9494,3,2,1
9494,9495,2,5,1
9495,9501,1,3,6
9495,9498,9,2,3
9496,9497,9,0,1
9496,9497,7,1,1
9497,9498,7,0,1
9497,9498,5,4,1
9498,9500,6,3,2
9500,9504,8,2,4
9500,9509,0,2,9
9501,9502,5,4,1
9502,9503,4,2,1
9503,9504,7,1,1
9503,9504,7,1,1
9504,9505,4,0,1
9504,9505,3,8,1
9505,9510,9,3,5
9505,9507,4,2,2
9506,9507,6,2,1
9507,9510,6,3,3
9508,9509,2,0,1
9508,9509,4,1,1
9509,9510,6,0,1
9510,9511,6,4,1
9510,9511,6,0,1
9510,9519,0,5,9
9510,9511,7,1,1
9512,9513,2,2,1
9512,9513,9,4,1
9513,9515,3,2,2
9514,9515,5,0,1
9515,9520,3,3,5
9515,9516,3,0,1
9515,9517,7,3,2
9519,9520,8,1,1
9520,9521,7,2,1
9520,9531,5,2,11
9520,9521,6,6,1
9521,9522,0,0,1
9522,9523,1,0,1
9522,9524,1,2,2
9524,9525,5,0,1
9525,9526,5,0,1
9526,9530,8,3,4
9526,9527,4,0,1
9527,9528,6,3,1
9530,9534,2,0,4
9530,9539,7,2,9
9530,9532,9,0,2
9532,9533,3,5,1
9533,9535,3,0,2
9533,9534,6,1,1
9534,9535,3,0,1
9535,9543,7,3,8
9535,9536,7,0,1
9539,9540,9,1,1
9539,9540,1,0,1
9540,9545,6,2,5
9540,9541,3,1,1
9540,9550,3,5,10
9540,9542,8,1,2
9541,9542,9,0,1
9542,9543,3,0,1
9542,9544,2,1,2
9543,9544,4,2,1
9545,9553,1,2,8
9547,9548,6,1,1
9548,9549,0,0,1
9548,9549,4,1,1
9549,9551,2,5,2
9550,9561,2,2,11
9550,9551,2,1,1
9550,9559,3,6,9
9550,9552,1,3,2
9552,9553,6,2,1
9553,9554,4,1,1
9554,9555,3,2,1
9555,9559,1,2,4
9555,9556,5,1,1
9556,9558,4,2,2
9556,9558,9,4,2
9558,9559,7,1,1
9559,9560,6,0,1
9560,9565,6,3,5
9560,9561,2,1,1
9560,9570,2,3,10
9560,9561,5,0,1
9561,9562,5,4,1
9563,9564,4,1,1
9564,9565,1,2,1
9565,9570,1,2,5
9565,9566,4,0,1
9566,9567,3,0,1
9566,9567,5,5,1
9567,9568,5,1,1
9567,9568,7,5,1
9568,9569,2,0,1
9568,9569,0,2,1
9569,9570,0,0,1
9570,9574,6,0,4
9570,9571,7,1,1
9570,9581,5,2,11
9571,9572,6,0,1
9571,9572,0,3,1
9572,9573,4,3,1
9573,9574,3,1,1
9574,9577,4,2,3
9575,9580,8,2,5
9575,9577,7,1,2
9576,9577,6,1,1
9576,9577,2,4,1
9577,9579,7,4,2
9578,9579,7,1,1
9579,9580,7,0,1
9579,9580,8,2,1
9580,9587,1,2,7
9580,9589,8,0,9
9580,9581,5,4,1
9581,9582,4,0,1
9581,9583,5,1,2
9582,9583,5,2,1
9583,9584,3,0,1
9584,9585,6,0,1
9584,9585,5,1,1
9585,9591,4,1,6
9585,9586,5,0,1
9586,9587,4,0,1
9586,9588,0,6,2
9587,9589,6,1,2
9588,9589,7,1,1
9588,9589,0,2,1
9589,9590,3,3,1
9590,9596,6,2,6
9590,9599,3,2,9
9591,9592,3,1,1
9592,9593,6,1,1
9592,9595,8,1,3
9593,9594,6,1,1
9594,9595,3,1,1
9594,9597,8,4,3
9595,9600,5,2,5
9595,9596,6,0,1
9595,9597,3,6,2
9596,9597,6,6,1
9597,9598,1,1,1
9597,9598,7,1,1
9598,9599,2,1,1
9598,9600,8,1,2
9599,9601,3,1,2
9600,9606,8,3,6
9600,9610,4,0,10
9601,9602,9,6,1
9602,9603,5,0,1
9604,9606,5,3,2
9605,9614,0,1,9
9605,9606,9,1,1
9606,9607,0,1,1
9606,9607,9,4,1
9607,9608,4,0,1
9607,9608,5,1,1
9609,9610,6,4,1
9610,9620,5,2,10
9610,9611,3,0,1
9610,9619,4,4,9
9611,9612,9,0,1
9611,9612,3,1,1
9612,9613,7,1,1
9613,9614,2,1,1
9615,9619,3,3,4
9615,9616,1,1,1
9617,9618,3,0,1
9618,9619,6,0,1
9619,9620,2,0,1
9620,9622,5,2,2
9620,9629,4,2,9
9622,9623,6,1,1
9623,9624,2,1,1
9623,9625,8,2,2
9624,9625,8,2,1
9624,9625,6,3,1
9625,9632,3,0,7
9625,9626,7,1,1
9626,9627,4,2,1
9626,9627,6,4,1
9627,9630,7,0,3
9629,9630,2,0,1
9629,9630,4,3,1
9630,9637,3,1,7
9630,9640,2,3,10
9630,9631,5,3,1
9631,9632,2,0,1
9631,9633,9,3,2
9632,9634,6,3,2
9633,9634,3,2,1
9634,9635,3,0,1
9635,9639,7,4,4
9635,9636,5,3,1
9635,9636,0,0,1
9640,9641,5,1,1
9640,9648,9,4,8
9640,9642,2,2,2
9644,9646,3,2,2
9645,9648,8,1,3
9646,9647,5,2,1
9648,9649,0,1,1
9650,9653,3,2,3
9650,9651,9,0,1
9650,9659,1,0,9
9650,9652,3,4,2
9654,9655,2,3,1
9655,9667,7,2,12
9655,9656,2,1,1
9656,9658,5,2,2
9656,9657,2,5,1
9659,9660,9,1,1
9660,9664,0,2,4
9660,9661,7,0,1
9660,9669,5,1,9
9662,9663,9,3,1
9663,9664,5,1,1
9663,9664,4,0,1
9665,9671,5,1,6
9665,9666,5,0,1
9665,9666,2,5,1
9666,9667,6,2,1
9667,9668,6,2,1
9667,9668,6,3,1
9668,9669,5,0,1
9670,9675,2,3,5
9670,9679,7,2,9
9673,9674,6,0,1
9673,9674,9,7,1
9674,9675,6,1,1
9675,9676,5,1,1
9675,9676,6,1,1
9675,9677,5,1,2
9676,9678,2,0,2
9678,9680,5,3,2
9679,9681,6,2,2
9679,9680,3,0,1
9680,9684,7,0,4
9680,9690,0,2,10
9680,9681,3,2,1
9682,9683,4,0,1
9684,9685,5,0,1
9685,9693,1,0,8
9685,9686,7,0,1
9685,9686,7,1,1
9686,9687,8,1,1
9689,9690,1,0,1
9690,9695,3,1,5
9690,9700,3,5,10
9690,9692,4,3,2
9691,9692,5,1,1
9691,9692,4,1,1
9692,9693,3,0,1
9692,9693,5,1,1
9693,9694,5,1,1
9693,9694,8,2,1
9695,9698,7,1,3
9696,9697,1,0,1
9697,9698,4,0,1
9697,9698,8,0,1
9698,9699,2,1,1
9698,9699,3,1,1
9699,9700,2,3,1
9700,9708,5,2,8
9701,9702,6,1,1
9701,9702,6,0,1
9701,9702,7,3,1
9703,9704,5,1,1
9705,9712,3,4,7
9705,9706,6,1,1
9705,9706,4,6,1
9707,9708,2,1,1
9707,9709,4,0,2
9708,9709,6,0,1
9709,9711,5,4,2
9710,9719,5,2,9
9710,9717,4,4,7
9710,9713,6,1,3
9712,9715,9,0,3
9714,9715,4,0,1
9715,9721,7,1,6
9715,9716,0,6,1
9719,9720,3,0,1
9719,9720,7,1,1
9720,9726,7,2,6
9720,9728,3,3,8
9722,9723,8,0,1
9723,9724,6,3,1
9724,9725,8,0,1
9725,9730,3,1,5
9727,9728,8,4,1
9729,9730,7,1,1
9730,9734,4,1,4
9730,9731,7,1,1
9730,9740,6,5,10
9730,9731,4,4,1
9732,9733,8,2,1
9732,9733,3,1,1
9733,9734,7,0,1
9734,9735,5,2,1
9735,9741,9,2,6
9737,9738,3,0,1
9737,9739,2,3,2
9738,9739,0,3,1
9740,9741,5,2,1
9740,9749,7,0,9
9740,9741,5,2,1
9741,9743,3,3,2
9742,9743,7,0,1
9742,9743,5,4,1
9743,9745,5,2,2
9743,9744,3,4,1
9745,9751,9,1,6
9745,9746,6,3,1
9746,9747,1,0,1
9747,9748,8,1,1
9748,9749,4,1,1
9749,9750,2,0,1
9749,9750,2,1,1
9750,9755,6,1,5
9750,9751,9,2,1
9750,9759,5,2,9
9751,9753,5,2,2
9754,9755,2,1,1
9754,9756,5,5,2
9755,9756,7,0,1
9755,9756,3,4,1
9756,9762,4,1,6
9756,9757,4,1,1
9756,9757,9,4,1
9757,9758,9,3,1
9758,9759,4,1,1
9759,9760,6,1,1
9759,9761,6,4,2
9760,9765,5,3,5
9760,9771,9,2,11
9760,9761,2,2,1
9761,9762,2,1,1
9762,9763,9,2,1
9762,9764,5,4,2
9763,9765,2,2,2
9764,9765,2,3,1
9765,9767,6,0,2
9767,9768,3,1,1
9767,9769,4,0,2
9769,9770,3,0,1
9769,9772,5,1,3
9770,9778,2,1,8
9770,9779,7,0,9
9770,9772,7,1,2
9771,9772,5,1,1
9771,9772,7,4,1
9772,9773,5,2,1
9774,9775,4,0,1
9774,9775,4,1,1
9775,9777,4,0,2
9775,9776,6,1,1
9776,9778,4,0,2
9777,9778,9,2,1
9777,9778,7,5,1
9778,9780,5,0,2
9780,9785,2,2,5
9780,9781,3,0,1
9780,9790,6,4,10
9780,9781,1,2,1
9781,9782,4,1,1
9782,9784,5,5,2
9783,9784,9,0,1
9783,9785,7,2,2
9784,9785,9,2,1
9784,9786,6,2,2
9785,9789,1,1,4
9785,9788,4,1,3
9786,9787,9,1,1
9786,9787,3,3,1
9787,9788,7,2,1
9788,9789,6,1,1
9788,9789,6,2,1
9790,9796,2,4,6
9790,9791,2,1,1
9790,9800,6,0,10
9792,9793,7,0,1
9792,9793,6,0,1
9793,9794,3,0,1
9794,9795,1,1,1
9794,9796,4,1,2
9795,9800,4,2,5
9795,9796,5,0,1
9796,9797,5,3,1
9800,9803,4,2,3
9800,9801,0,1,1
9800,9809,4,3,9
9800,9802,7,1,2
9802,9803,0,1,1
9802,9803,5,1,1
9803,9804,1,2,1
9803,9805,0,2,2
9804,9805,6,1,1
9805,9807,6,2,2
9805,9806,6,0,1
9807,9808,4,1,1
9808,9809,0,1,1
9808,9809,6,3,1
9809,9810,7,1,1
9810,9820,3,1,10
9810,9819,5,6,9
9810,9811,6,0,1
9812,9813,6,1,1
9812,9813,4,5,1
9813,9814,2,3,1
9814,9815,3,1,1
9814,9815,9,4,1
9815,9816,0,1,1
9815,9816,5,0,1
9815,9816,4,3,1
9817,9818,5,3,1
9818,9819,8,3,1
9820,9827,4,3,7
9820,9831,6,3,11
9820,9821,2,4,1
9821,9822,3,5,1
9822,9823,6,0,1
9823,9824,5,0,1
9823,9824,1,1,1
9824,9825,3,0,1
9825,9833,3,1,8
9825,9826,7,0,1
9825,9828,0,1,3
9827,9828,6,1,1
9828,9829,5,1,1
9828,9830,2,0,2
9829,9830,5,0,1
9830,9836,4,2,6
9830,9831,4,1,1
9830,9841,3,5,11
9830,9832,0,2,2
9831,9832,4,1,1
9835,9837,1,1,2
9835,9837,2,0,2
9836,9837,4,1,1
9837,9839,5,2,2
9839,9840,5,0,1
9840,9844,6,0,4
9840,9850,4,0,10
9841,9842,5,0,1
9842,9843,6,0,1
9842,9844,0,0,2
9843,9844,1,2,1
9844,9845,0,1,1
9844,9845,7,2,1
9845,9849,4,2,4
9845,9846,4,0,1
9847,9848,2,1,1
9847,9849,5,0,2
9848,9849,7,1,1
9848,9849,6,1,1
9850,9856,6,0,6
9850,9851,5,2,1
9850,9859,5,2,9
9850,9851,8,0,1
9851,9852,9,1,1
9853,9854,3,1,1
9853,9855,4,4,2
9855,9859,3,3,4
9855,9856,1,1,1
9857,9858,2,3,1
9858,9860,3,3,2
9860,9863,7,2,3
9860,9861,5,0,1
9860,9870,3,5,10
9861,9862,7,0,1
9862,9863,6,0,1
9862,9864,4,0,2
9863,9864,2,0,1
9863,9864,2,0,1
9864,9865,7,1,1
9865,9869,2,2,4
9865,9866,6,1,1
9866,9867,7,1,1
9866,9867,7,2,1
9868,9869,3,2,1
9870,9875,4,0,5
9870,9871,0,1,1
9870,9880,5,5,10
9871,9872,5,0,1
9871,9872,6,2,1
9872,9873,7,2,1
9873,9874,8,2,1
9874,9875,4,0,1
9874,9875,0,1,1
9875,9876,1,1,1
9875,9876,2,0,1
9875,9877,3,4,2
9876,9878,3,2,2
9878,9879,9,1,1
9879,9880,0,4,1
9880,9888,3,2,8
9880,9889,5,3,9
9881,9882,1,1,1
9882,9883,8,4,1
9883,9885,1,6,2
9885,9887,2,0,2
9885,9886,4,1,1
9888,9889,5,0,1
9890,9897,7,1,7
9890,9891,5,0,1
9890,9901,1,2,11
9891,9892,7,5,1
9894,9895,7,2,1
9895,9901,0,0,6
9895,9897,4,5,2
9896,9897,7,3,1
9898,9899,8,8,1
9899,9900,5,2,1
9899,9900,1,2,1
9900,9906,6,2,6
9900,9908,2,5,8
9900,9902,5,1,2
9901,9902,0,3,1
9902,9903,7,0,1
9902,9903,8,0,1
9903,9906,6,5,3
9904,9905,2,0,1
9905,9910,4,1,5
9906,9907,8,0,1
9907,9908,6,1,1
9907,9908,4,3,1
9910,9916,4,2,6
9910,9920,6,2,10
9912,9913,4,0,1
9912,9914,8,1,2
9913,9914,5,0,1
9914,9917,4,3,3
9915,9920,3,2,5
9915,9917,7,0,2
9916,9917,2,1,1
9917,9918,2,0,1
9917,9918,1,4,1
9920,9923,9,0,3
9920,9921,3,0,1
9920,9929,3,2,9
9920,9921,7,3,1
9926,9933,4,1,7
9927,9928,6,2,1
9927,9929,5,2,2
9929,9930,2,4,1
9930,9932,3,2,2
9930,9940,2,0,10
9931,9932,6,3,1
9931,9933,7,4,2
9933,9934,3,1,1
9934,9935,9,1,1
9935,9938,6,2,3
9936,9937,0,0,1
9937,9938,2,4,1
9939,9940,6,0,1
9940,9942,5,1,2
9940,9949,5,0,9
9942,9943,9,0,1
9944,9945,1,0,1
9945,9950,7,1,5
9945,9946,0,2,1
9945,9946,4,1,1
9946,9947,5,0,1
9947,9948,6,1,1
9948,9949,6,2,1
9948,9950,8,1,2
9949,9950,4,0,1
9949,9951,7,6,2
9950,9952,5,1,2
9950,9959,3,3,9
9950,9951,3,2,1
9951,9952,6,4,1
9952,9953,3,0,1
9953,9956,3,2,3
9954,9955,5,3,1
9955,9961,6,0,6
9955,9957,3,3,2
9957,9958,3,1,1
9958,9959,5,0,1
9958,9959,8,6,1
9959,9961,1,1,2
9960,9968,6,2,8
9960,9969,1,3,9
9960,9962,3,3,2
9961,9962,5,2,1
9963,9964,7,0,1
9964,9965,4,0,1
9965,9969,7,2,4
9965,9966,1,0,1
9965,9967,7,0,2
9968,9969,3,1,1
9969,9970,5,0,1
9970,9974,0,1,4
9970,9971,5,2,1
9970,9978,1,1,8
9970,9971,7,0,1
9971,9972,8,1,1
9972,9973,6,2,1
9972,9974,7,3,2
9974,9975,9,0,1
9974,9976,7,3,2
9975,9978,7,2,3
9975,9976,5,2,1
9976,9977,0,2,1
9977,9978,4,0,1
9979,9980,4,4,1
9980,9982,3,3,2
9980,9981,7,1,1
9980,9991,5,4,11
9980,9981,6,0,1
9981,9982,3,1,1
9981,9982,4,4,1
9983,9985,4,5,2
9984,9985,4,1,1
9984,9985,4,1,1
9985,9988,4,1,3
9985,9986,8,1,1
9986,9988,4,1,2
9987,9989,9,1,2
9988,9989,3,3,1
9989,9990,7,1,1
9990,9993,5,1,3
9990,10000,1,5,10
9991,9993,1,3,2
9992,9993,3,1,1
9993,9994,1,2,1
9994,9995,2,0,1
9994,9995,3,2,1
9996,9998,5,2,2
9996,9997,2,4,1
9997,9998,0,1,1
9997,9998,0,4,1
9998,10000,9,2,2
9999,10000,2,0,1
